20 20 10

[0,0] F-1 0 3 0
[0,1] F-1 0 3 0
[0,2] F-1 0 3 0
[0,3] F-1 0 3 0
[0,4] F-1 0 3 0
[0,5] F-1 0 3 0
[0,6] F-1 0 3 0
[0,7] F-1 0 3 0
[0,8] F-1 0 3 0
[0,9] F-1 0 3 0
[0,10] F-1 0 3 0
[0,11] F-1 0 3 0
[0,12] F-1 0 3 0
[0,13] F-1 0 3 0
[0,14] F-1 0 3 0
[0,15] F-1 0 3 0
[0,16] F-1 0 3 0
[0,17] F-1 0 2 0
[0,18] S-1 7 1 0
[0,19] F-1 0 0 0

[1,0] F-1 0 4 0
[1,1] s-1 0 4 0
[1,2] F-1 0 4 0
[1,3] F-1 0 4 0
[1,4] F-1 0 4 0
[1,5] F-1 0 4 0
[1,6] F-1 0 4 0
[1,7] F-1 0 4 0
[1,8] F-1 0 4 0
[1,9] F-1 0 4 0
[1,10] F-1 0 4 0
[1,11] F-1 0 4 0
[1,12] F-1 0 4 0
[1,13] F-1 0 4 0
[1,14] F-1 0 4 0
[1,15] F-1 0 4 0
[1,16] F-1 0 3 0
[1,17] F-1 0 2 0
[1,18] F-1 0 1 0
[1,19] F-1 0 0 0

[2,0] F-1 0 5 0
[2,1] F-1 0 5 0
[2,2] F-1 0 5 0
[2,3] F-1 0 5 0
[2,4] F-1 0 5 0
[2,5] F-1 0 5 0
[2,6] F-1 0 5 0
[2,7] F-1 0 5 0
[2,8] F-1 0 5 0
[2,9] F-1 0 5 0
[2,10] F-1 0 5 0
[2,11] F-1 0 5 0
[2,12] F-1 0 5 0
[2,13] F-1 0 5 0
[2,14] F-1 0 5 0
[2,15] F-1 0 4 0
[2,16] F-1 0 3 0
[2,17] F-1 0 2 0
[2,18] F-1 0 1 0
[2,19] F-1 0 0 0

[3,0] F-1 0 6 0
[3,1] F-1 0 6 0
[3,2] F-1 0 6 0
[3,3] S-1 10 6 0
[3,4] F-1 0 6 0
[3,5] F-1 0 6 0
[3,6] F-1 0 6 0
[3,7] F-1 0 6 0
[3,8] F-1 0 6 0
[3,9] F-1 0 6 0
[3,10] s-1 0 6 0
[3,11] F-1 0 6 0
[3,12] F-1 0 6 0
[3,13] F-1 0 6 0
[3,14] F-1 0 5 0
[3,15] F-1 0 4 0
[3,16] F-1 0 3 0
[3,17] F-1 0 2 0
[3,18] F-1 0 1 0
[3,19] F-1 0 0 0

[4,0] F-1 0 6 0
[4,1] F-1 0 7 0
[4,2] F-1 0 7 0
[4,3] F-1 0 7 0
[4,4] F-1 0 7 0
[4,5] F-1 0 7 0
[4,6] F-1 0 7 0
[4,7] F-1 0 7 0
[4,8] F-1 0 7 0
[4,9] F-1 0 7 0
[4,10] F-1 0 7 0
[4,11] F-1 0 7 0
[4,12] F-1 0 7 0
[4,13] F-1 0 6 0
[4,14] F-1 0 5 0
[4,15] F-1 0 4 0
[4,16] F-1 0 3 0
[4,17] F-1 0 2 0
[4,18] F-1 0 1 0
[4,19] F-1 0 0 0

[5,0] F-1 0 6 0
[5,1] F-1 0 7 0
[5,2] F-1 0 8 0
[5,3] F-1 0 8 0
[5,4] F-1 0 8 0
[5,5] F-1 0 8 0
[5,6] F-1 0 8 0
[5,7] F-1 0 8 0
[5,8] F-1 0 8 0
[5,9] F-1 0 8 0
[5,10] F-1 0 8 0
[5,11] s-1 0 8 0
[5,12] F-1 0 7 0
[5,13] F-1 0 6 0
[5,14] F-1 0 5 0
[5,15] F-1 0 4 0
[5,16] F-1 0 3 0
[5,17] F-1 0 2 0
[5,18] F-1 0 1 0
[5,19] F-1 0 0 0

[6,0] F-1 0 6 0
[6,1] F-1 0 7 0
[6,2] F-1 0 8 0
[6,3] F-1 0 9 0
[6,4] F-1 0 9 0
[6,5] F-1 0 9 0
[6,6] S-1 27 9 0
[6,7] F-1 0 9 0
[6,8] F-1 0 9 0
[6,9] F-1 0 9 0
[6,10] F-1 0 9 0
[6,11] F-1 0 8 0
[6,12] F-1 0 7 0
[6,13] F-1 0 6 0
[6,14] F-1 0 5 0
[6,15] F-1 0 4 0
[6,16] F-1 0 3 0
[6,17] F-1 0 2 0
[6,18] F-1 0 1 0
[6,19] F-1 0 0 0

[7,0] F-1 0 6 0
[7,1] F-1 0 7 0
[7,2] F-1 0 8 0
[7,3] F-1 0 9 0
[7,4] F-1 0 10 0
[7,5] F-1 0 10 0
[7,6] F-1 0 10 0
[7,7] F-1 0 10 0
[7,8] F-1 0 10 0
[7,9] F-1 0 10 0
[7,10] F-1 0 9 0
[7,11] F-1 0 8 0
[7,12] F-1 0 7 0
[7,13] F-1 0 6 0
[7,14] F-1 0 5 0
[7,15] F-1 0 4 0
[7,16] F-1 0 3 0
[7,17] F-1 0 2 0
[7,18] F-1 0 1 0
[7,19] F-1 0 0 0

[8,0] F-1 0 6 0
[8,1] F-1 0 7 0
[8,2] F-1 0 8 0
[8,3] s-1 0 9 0
[8,4] F-1 0 10 0
[8,5] a0 0 11 0
[8,6] a1 0 11 0
[8,7] a2 0 11 0
[8,8] a3 0 11 0
[8,9] F-1 0 10 0
[8,10] F-1 0 9 0
[8,11] F-1 0 8 0
[8,12] F-1 0 7 0
[8,13] F-1 0 6 0
[8,14] F-1 0 5 0
[8,15] F-1 0 4 0
[8,16] F-1 0 3 0
[8,17] F-1 0 2 0
[8,18] F-1 0 1 0
[8,19] F-1 0 0 0

[9,0] F-1 0 6 0
[9,1] F-1 0 7 0
[9,2] F-1 0 8 0
[9,3] F-1 0 9 0
[9,4] F-1 0 10 0
[9,5] a4 0 11 0
[9,6] N-1 0 12 0
[9,7] N-1 0 12 0
[9,8] a5 0 11 0
[9,9] F-1 0 10 0
[9,10] F-1 0 9 0
[9,11] S-1 6 8 0
[9,12] S-1 30 7 0
[9,13] F-1 0 6 0
[9,14] F-1 0 5 0
[9,15] F-1 0 4 0
[9,16] S-1 25 3 0
[9,17] F-1 0 2 0
[9,18] F-1 0 1 0
[9,19] F-1 0 0 0

[10,0] F-1 0 6 0
[10,1] F-1 0 7 0
[10,2] F-1 0 8 0
[10,3] F-1 0 9 0
[10,4] F-1 0 10 0
[10,5] a6 0 11 0
[10,6] N-1 0 12 0
[10,7] N-1 0 12 0
[10,8] a7 0 11 0
[10,9] F-1 0 10 0
[10,10] F-1 0 9 0
[10,11] S-1 10 8 0
[10,12] F-1 0 7 0
[10,13] F-1 0 6 0
[10,14] F-1 0 5 0
[10,15] F-1 0 4 0
[10,16] F-1 0 3 0
[10,17] F-1 0 2 0
[10,18] F-1 0 1 0
[10,19] F-1 0 0 0

[11,0] F-1 0 6 0
[11,1] F-1 0 7 0
[11,2] s-1 0 8 0
[11,3] F-1 0 9 0
[11,4] F-1 0 10 0
[11,5] a8 0 11 0
[11,6] a9 0 11 0
[11,7] a10 0 11 0
[11,8] a11 0 11 0
[11,9] F-1 0 10 0
[11,10] F-1 0 9 0
[11,11] F-1 0 8 0
[11,12] F-1 0 7 0
[11,13] F-1 0 6 0
[11,14] F-1 0 5 0
[11,15] F-1 0 4 0
[11,16] F-1 0 3 0
[11,17] F-1 0 2 0
[11,18] F-1 0 1 0
[11,19] F-1 0 0 0

[12,0] F-1 0 6 0
[12,1] F-1 0 7 0
[12,2] F-1 0 8 0
[12,3] s-1 0 9 0
[12,4] S-1 30 10 0
[12,5] F-1 0 10 0
[12,6] F-1 0 10 0
[12,7] F-1 0 10 0
[12,8] F-1 0 10 0
[12,9] S-1 26 10 0
[12,10] F-1 0 9 0
[12,11] F-1 0 8 0
[12,12] F-1 0 7 0
[12,13] F-1 0 6 0
[12,14] F-1 0 5 0
[12,15] F-1 0 4 0
[12,16] F-1 0 3 0
[12,17] F-1 0 2 0
[12,18] F-1 0 1 0
[12,19] F-1 0 0 0

[13,0] S-1 11 6 0
[13,1] F-1 0 7 0
[13,2] F-1 0 8 0
[13,3] F-1 0 9 0
[13,4] F-1 0 9 0
[13,5] F-1 0 9 0
[13,6] F-1 0 9 0
[13,7] F-1 0 9 0
[13,8] F-1 0 9 0
[13,9] F-1 0 9 0
[13,10] F-1 0 9 0
[13,11] S-1 28 8 0
[13,12] F-1 0 7 0
[13,13] F-1 0 6 0
[13,14] F-1 0 5 0
[13,15] F-1 0 4 0
[13,16] F-1 0 3 0
[13,17] F-1 0 2 0
[13,18] F-1 0 1 0
[13,19] F-1 0 0 0

[14,0] F-1 0 6 0
[14,1] F-1 0 7 0
[14,2] F-1 0 8 0
[14,3] F-1 0 8 0
[14,4] F-1 0 8 0
[14,5] F-1 0 8 0
[14,6] F-1 0 8 0
[14,7] F-1 0 8 0
[14,8] F-1 0 8 0
[14,9] S-1 12 8 0
[14,10] S-1 22 8 0
[14,11] F-1 0 8 0
[14,12] F-1 0 7 0
[14,13] F-1 0 6 0
[14,14] F-1 0 5 0
[14,15] F-1 0 4 0
[14,16] F-1 0 3 0
[14,17] F-1 0 2 0
[14,18] F-1 0 1 0
[14,19] F-1 0 0 0

[15,0] F-1 0 6 0
[15,1] F-1 0 7 0
[15,2] F-1 0 7 0
[15,3] F-1 0 7 0
[15,4] F-1 0 7 0
[15,5] F-1 0 7 0
[15,6] F-1 0 7 0
[15,7] F-1 0 7 0
[15,8] s-1 0 7 0
[15,9] s-1 0 7 0
[15,10] F-1 0 7 0
[15,11] F-1 0 7 0
[15,12] F-1 0 7 0
[15,13] F-1 0 6 0
[15,14] F-1 0 5 0
[15,15] F-1 0 4 0
[15,16] F-1 0 3 0
[15,17] F-1 0 2 0
[15,18] F-1 0 1 0
[15,19] F-1 0 0 0

[16,0] F-1 0 6 0
[16,1] F-1 0 6 0
[16,2] F-1 0 6 0
[16,3] F-1 0 6 0
[16,4] F-1 0 6 0
[16,5] F-1 0 6 0
[16,6] F-1 0 6 0
[16,7] F-1 0 6 0
[16,8] F-1 0 6 0
[16,9] F-1 0 6 0
[16,10] F-1 0 6 0
[16,11] F-1 0 6 0
[16,12] F-1 0 6 0
[16,13] F-1 0 6 0
[16,14] F-1 0 5 0
[16,15] F-1 0 4 0
[16,16] s-1 0 3 0
[16,17] F-1 0 2 0
[16,18] F-1 0 1 0
[16,19] S-1 14 0 0

[17,0] F-1 0 5 0
[17,1] F-1 0 5 0
[17,2] F-1 0 5 0
[17,3] F-1 0 5 0
[17,4] F-1 0 5 0
[17,5] s-1 0 5 0
[17,6] F-1 0 5 0
[17,7] F-1 0 5 0
[17,8] F-1 0 5 0
[17,9] F-1 0 5 0
[17,10] F-1 0 5 0
[17,11] F-1 0 5 0
[17,12] F-1 0 5 0
[17,13] F-1 0 5 0
[17,14] F-1 0 5 0
[17,15] F-1 0 4 0
[17,16] F-1 0 3 0
[17,17] F-1 0 2 0
[17,18] F-1 0 1 0
[17,19] F-1 0 0 0

[18,0] F-1 0 4 0
[18,1] F-1 0 4 0
[18,2] F-1 0 4 0
[18,3] F-1 0 4 0
[18,4] F-1 0 4 0
[18,5] F-1 0 4 0
[18,6] F-1 0 4 0
[18,7] F-1 0 4 0
[18,8] F-1 0 4 0
[18,9] F-1 0 4 0
[18,10] S-1 13 4 0
[18,11] F-1 0 4 0
[18,12] F-1 0 4 0
[18,13] F-1 0 4 0
[18,14] F-1 0 4 0
[18,15] F-1 0 4 0
[18,16] F-1 0 3 0
[18,17] F-1 0 2 0
[18,18] F-1 0 1 0
[18,19] F-1 0 0 0

[19,0] F-1 0 3 0
[19,1] F-1 0 3 0
[19,2] F-1 0 3 0
[19,3] F-1 0 3 0
[19,4] F-1 0 3 0
[19,5] F-1 0 3 0
[19,6] F-1 0 3 0
[19,7] F-1 0 3 0
[19,8] F-1 0 3 0
[19,9] F-1 0 3 0
[19,10] F-1 0 3 0
[19,11] F-1 0 3 0
[19,12] F-1 0 3 0
[19,13] F-1 0 3 0
[19,14] F-1 0 3 0
[19,15] F-1 0 3 0
[19,16] F-1 0 3 0
[19,17] F-1 0 2 0
[19,18] F-1 0 1 0
[19,19] F-1 0 0 0



[0,0] F-1 0 3 0
[0,1] F-1 0 3 0
[0,2] F-1 0 3 0
[0,3] F-1 0 3 0
[0,4] F-1 0 3 0
[0,5] F-1 0 3 0
[0,6] F-1 0 3 0
[0,7] F-1 0 3 0
[0,8] F-1 0 3 0
[0,9] F-1 0 3 0
[0,10] F-1 0 3 0
[0,11] F-1 0 3 0
[0,12] F-1 0 3 0
[0,13] F-1 0 3 0
[0,14] F-1 0 3 0
[0,15] F-1 0 3 0
[0,16] F-1 0 3 0
[0,17] F-1 0 2 0
[0,18] S-1 7 1 0
[0,19] F-1 0 0 0

[1,0] F-1 0 4 0
[1,1] s-1 0 4 0
[1,2] F-1 0 4 0
[1,3] F-1 0 4 0
[1,4] F-1 0 4 0
[1,5] F-1 0 4 0
[1,6] F-1 0 4 0
[1,7] F-1 0 4 0
[1,8] F-1 0 4 0
[1,9] F-1 0 4 0
[1,10] F-1 0 4 0
[1,11] F-1 0 4 0
[1,12] F-1 0 4 0
[1,13] F-1 0 4 0
[1,14] F-1 0 4 0
[1,15] F-1 0 4 0
[1,16] F-1 0 3 0
[1,17] F-1 0 2 0
[1,18] F-1 0 1 0
[1,19] F-1 0 0 0

[2,0] F-1 0 5 0
[2,1] F-1 0 5 0
[2,2] F-1 0 5 0
[2,3] F-1 0 5 0
[2,4] F-1 0 5 0
[2,5] F-1 0 5 0
[2,6] F-1 0 5 0
[2,7] F-1 0 5 0
[2,8] F-1 0 5 0
[2,9] F-1 0 5 0
[2,10] F-1 0 5 0
[2,11] F-1 0 5 0
[2,12] F-1 0 5 0
[2,13] F-1 0 5 0
[2,14] F-1 0 5 0
[2,15] F-1 0 4 0
[2,16] F-1 0 3 0
[2,17] F-1 0 2 0
[2,18] F-1 0 1 0
[2,19] F-1 0 0 0

[3,0] F-1 0 6 0
[3,1] F-1 0 6 0
[3,2] F-1 0 6 0
[3,3] S-1 10 6 0
[3,4] F-1 0 6 0
[3,5] F-1 0 6 0
[3,6] F-1 0 6 0
[3,7] F-1 0 6 0
[3,8] F-1 0 6 0
[3,9] F-1 0 6 0
[3,10] s-1 0 6 0
[3,11] F-1 0 6 0
[3,12] F-1 0 6 0
[3,13] F-1 0 6 0
[3,14] F-1 0 5 0
[3,15] F-1 0 4 0
[3,16] F-1 0 3 0
[3,17] F-1 0 2 0
[3,18] F-1 0 1 0
[3,19] F-1 0 0 0

[4,0] F-1 0 6 0
[4,1] F-1 0 7 0
[4,2] F-1 0 7 0
[4,3] F-1 0 7 0
[4,4] F-1 0 7 0
[4,5] F-1 0 7 0
[4,6] F-1 0 7 0
[4,7] F-1 0 7 0
[4,8] F-1 0 7 0
[4,9] F-1 0 7 0
[4,10] F-1 0 7 0
[4,11] F-1 0 7 0
[4,12] F-1 0 7 0
[4,13] F-1 0 6 0
[4,14] F-1 0 5 0
[4,15] F-1 0 4 0
[4,16] F-1 0 3 0
[4,17] F-1 0 2 0
[4,18] F-1 0 1 0
[4,19] F-1 0 0 0

[5,0] F-1 0 6 0
[5,1] F-1 0 7 0
[5,2] F-1 0 8 0
[5,3] F-1 0 8 0
[5,4] F-1 0 8 0
[5,5] F-1 0 8 0
[5,6] F-1 0 8 0
[5,7] F-1 0 8 0
[5,8] F-1 0 8 0
[5,9] F-1 0 8 0
[5,10] F-1 0 8 0
[5,11] s-1 0 8 0
[5,12] F-1 0 7 0
[5,13] F-1 0 6 0
[5,14] F-1 0 5 0
[5,15] F-1 0 4 0
[5,16] F-1 0 3 0
[5,17] F-1 0 2 0
[5,18] F-1 0 1 0
[5,19] F-1 0 0 0

[6,0] F-1 0 6 0
[6,1] F-1 0 7 0
[6,2] F-1 0 8 0
[6,3] F-1 0 9 0
[6,4] F-1 0 9 0
[6,5] F-1 0 9 0
[6,6] S-1 27 9 0
[6,7] F-1 0 9 0
[6,8] F-1 0 9 0
[6,9] F-1 0 9 0
[6,10] F-1 0 9 0
[6,11] F-1 0 8 0
[6,12] F-1 0 7 0
[6,13] F-1 0 6 0
[6,14] F-1 0 5 0
[6,15] F-1 0 4 0
[6,16] F-1 0 3 0
[6,17] F-1 0 2 0
[6,18] F-1 0 1 0
[6,19] F-1 0 0 0

[7,0] F-1 0 6 0
[7,1] F-1 0 7 0
[7,2] F-1 0 8 0
[7,3] F-1 0 9 0
[7,4] F-1 0 10 0
[7,5] a0 0 10 0
[7,6] a1 0 10 0
[7,7] a2 0 10 0
[7,8] F-1 0 10 0
[7,9] F-1 0 10 0
[7,10] F-1 0 9 0
[7,11] F-1 0 8 0
[7,12] F-1 0 7 0
[7,13] F-1 0 6 0
[7,14] F-1 0 5 0
[7,15] F-1 0 4 0
[7,16] F-1 0 3 0
[7,17] F-1 0 2 0
[7,18] F-1 0 1 0
[7,19] F-1 0 0 0

[8,0] F-1 0 6 0
[8,1] F-1 0 7 0
[8,2] F-1 0 8 0
[8,3] s-1 0 9 0
[8,4] F-1 0 10 0
[8,5] a4 0 11 0
[8,6] F-1 0 11 0
[8,7] F-1 0 11 0
[8,8] F-1 0 11 0
[8,9] a3 0 10 0
[8,10] F-1 0 9 0
[8,11] F-1 0 8 0
[8,12] F-1 0 7 0
[8,13] F-1 0 6 0
[8,14] F-1 0 5 0
[8,15] F-1 0 4 0
[8,16] F-1 0 3 0
[8,17] F-1 0 2 0
[8,18] F-1 0 1 0
[8,19] F-1 0 0 0

[9,0] F-1 0 6 0
[9,1] F-1 0 7 0
[9,2] F-1 0 8 0
[9,3] F-1 0 9 0
[9,4] F-1 0 10 0
[9,5] a6 0 11 0
[9,6] N-1 0 12 0
[9,7] N-1 0 12 0
[9,8] F-1 0 11 0
[9,9] a5 0 10 0
[9,10] F-1 0 9 0
[9,11] S-1 6 8 0
[9,12] S-1 30 7 0
[9,13] F-1 0 6 0
[9,14] F-1 0 5 0
[9,15] F-1 0 4 0
[9,16] S-1 25 3 0
[9,17] F-1 0 2 0
[9,18] F-1 0 1 0
[9,19] F-1 0 0 0

[10,0] F-1 0 6 0
[10,1] F-1 0 7 0
[10,2] F-1 0 8 0
[10,3] F-1 0 9 0
[10,4] F-1 0 10 0
[10,5] F-1 0 11 0
[10,6] N-1 0 12 0
[10,7] N-1 0 12 0
[10,8] F-1 0 11 0
[10,9] a7 0 10 0
[10,10] F-1 0 9 0
[10,11] S-1 10 8 0
[10,12] F-1 0 7 0
[10,13] F-1 0 6 0
[10,14] F-1 0 5 0
[10,15] F-1 0 4 0
[10,16] F-1 0 3 0
[10,17] F-1 0 2 0
[10,18] F-1 0 1 0
[10,19] F-1 0 0 0

[11,0] F-1 0 6 0
[11,1] F-1 0 7 0
[11,2] s-1 0 8 0
[11,3] F-1 0 9 0
[11,4] F-1 0 10 0
[11,5] F-1 0 11 0
[11,6] F-1 0 11 0
[11,7] F-1 0 11 0
[11,8] F-1 0 11 0
[11,9] a11 0 10 0
[11,10] F-1 0 9 0
[11,11] F-1 0 8 0
[11,12] F-1 0 7 0
[11,13] F-1 0 6 0
[11,14] F-1 0 5 0
[11,15] F-1 0 4 0
[11,16] F-1 0 3 0
[11,17] F-1 0 2 0
[11,18] F-1 0 1 0
[11,19] F-1 0 0 0

[12,0] F-1 0 6 0
[12,1] F-1 0 7 0
[12,2] F-1 0 8 0
[12,3] s-1 0 9 0
[12,4] S-1 30 10 0
[12,5] a8 0 10 0
[12,6] a9 0 10 0
[12,7] a10 0 10 0
[12,8] F-1 0 10 0
[12,9] S-1 26 10 0
[12,10] F-1 0 9 0
[12,11] F-1 0 8 0
[12,12] F-1 0 7 0
[12,13] F-1 0 6 0
[12,14] F-1 0 5 0
[12,15] F-1 0 4 0
[12,16] F-1 0 3 0
[12,17] F-1 0 2 0
[12,18] F-1 0 1 0
[12,19] F-1 0 0 0

[13,0] S-1 11 6 0
[13,1] F-1 0 7 0
[13,2] F-1 0 8 0
[13,3] F-1 0 9 0
[13,4] F-1 0 9 0
[13,5] F-1 0 9 0
[13,6] F-1 0 9 0
[13,7] F-1 0 9 0
[13,8] F-1 0 9 0
[13,9] F-1 0 9 0
[13,10] F-1 0 9 0
[13,11] S-1 28 8 0
[13,12] F-1 0 7 0
[13,13] F-1 0 6 0
[13,14] F-1 0 5 0
[13,15] F-1 0 4 0
[13,16] F-1 0 3 0
[13,17] F-1 0 2 0
[13,18] F-1 0 1 0
[13,19] F-1 0 0 0

[14,0] F-1 0 6 0
[14,1] F-1 0 7 0
[14,2] F-1 0 8 0
[14,3] F-1 0 8 0
[14,4] F-1 0 8 0
[14,5] F-1 0 8 0
[14,6] F-1 0 8 0
[14,7] F-1 0 8 0
[14,8] F-1 0 8 0
[14,9] S-1 12 8 0
[14,10] S-1 22 8 0
[14,11] F-1 0 8 0
[14,12] F-1 0 7 0
[14,13] F-1 0 6 0
[14,14] F-1 0 5 0
[14,15] F-1 0 4 0
[14,16] F-1 0 3 0
[14,17] F-1 0 2 0
[14,18] F-1 0 1 0
[14,19] F-1 0 0 0

[15,0] F-1 0 6 0
[15,1] F-1 0 7 0
[15,2] F-1 0 7 0
[15,3] F-1 0 7 0
[15,4] F-1 0 7 0
[15,5] F-1 0 7 0
[15,6] F-1 0 7 0
[15,7] F-1 0 7 0
[15,8] s-1 0 7 0
[15,9] s-1 0 7 0
[15,10] F-1 0 7 0
[15,11] F-1 0 7 0
[15,12] F-1 0 7 0
[15,13] F-1 0 6 0
[15,14] F-1 0 5 0
[15,15] F-1 0 4 0
[15,16] F-1 0 3 0
[15,17] F-1 0 2 0
[15,18] F-1 0 1 0
[15,19] F-1 0 0 0

[16,0] F-1 0 6 0
[16,1] F-1 0 6 0
[16,2] F-1 0 6 0
[16,3] F-1 0 6 0
[16,4] F-1 0 6 0
[16,5] F-1 0 6 0
[16,6] F-1 0 6 0
[16,7] F-1 0 6 0
[16,8] F-1 0 6 0
[16,9] F-1 0 6 0
[16,10] F-1 0 6 0
[16,11] F-1 0 6 0
[16,12] F-1 0 6 0
[16,13] F-1 0 6 0
[16,14] F-1 0 5 0
[16,15] F-1 0 4 0
[16,16] s-1 0 3 0
[16,17] F-1 0 2 0
[16,18] F-1 0 1 0
[16,19] S-1 14 0 0

[17,0] F-1 0 5 0
[17,1] F-1 0 5 0
[17,2] F-1 0 5 0
[17,3] F-1 0 5 0
[17,4] F-1 0 5 0
[17,5] s-1 0 5 0
[17,6] F-1 0 5 0
[17,7] F-1 0 5 0
[17,8] F-1 0 5 0
[17,9] F-1 0 5 0
[17,10] F-1 0 5 0
[17,11] F-1 0 5 0
[17,12] F-1 0 5 0
[17,13] F-1 0 5 0
[17,14] F-1 0 5 0
[17,15] F-1 0 4 0
[17,16] F-1 0 3 0
[17,17] F-1 0 2 0
[17,18] F-1 0 1 0
[17,19] F-1 0 0 0

[18,0] F-1 0 4 0
[18,1] F-1 0 4 0
[18,2] F-1 0 4 0
[18,3] F-1 0 4 0
[18,4] F-1 0 4 0
[18,5] F-1 0 4 0
[18,6] F-1 0 4 0
[18,7] F-1 0 4 0
[18,8] F-1 0 4 0
[18,9] F-1 0 4 0
[18,10] S-1 13 4 0
[18,11] F-1 0 4 0
[18,12] F-1 0 4 0
[18,13] F-1 0 4 0
[18,14] F-1 0 4 0
[18,15] F-1 0 4 0
[18,16] F-1 0 3 0
[18,17] F-1 0 2 0
[18,18] F-1 0 1 0
[18,19] F-1 0 0 0

[19,0] F-1 0 3 0
[19,1] F-1 0 3 0
[19,2] F-1 0 3 0
[19,3] F-1 0 3 0
[19,4] F-1 0 3 0
[19,5] F-1 0 3 0
[19,6] F-1 0 3 0
[19,7] F-1 0 3 0
[19,8] F-1 0 3 0
[19,9] F-1 0 3 0
[19,10] F-1 0 3 0
[19,11] F-1 0 3 0
[19,12] F-1 0 3 0
[19,13] F-1 0 3 0
[19,14] F-1 0 3 0
[19,15] F-1 0 3 0
[19,16] F-1 0 3 0
[19,17] F-1 0 2 0
[19,18] F-1 0 1 0
[19,19] F-1 0 0 0



[0,0] F-1 0 3 0
[0,1] F-1 0 3 0
[0,2] F-1 0 3 0
[0,3] F-1 0 3 0
[0,4] F-1 0 3 0
[0,5] F-1 0 3 0
[0,6] F-1 0 3 0
[0,7] F-1 0 3 0
[0,8] F-1 0 3 0
[0,9] F-1 0 3 0
[0,10] F-1 0 3 0
[0,11] F-1 0 3 0
[0,12] F-1 0 3 0
[0,13] F-1 0 3 0
[0,14] F-1 0 3 0
[0,15] F-1 0 3 0
[0,16] F-1 0 3 0
[0,17] F-1 0 2 0
[0,18] S-1 7 1 0
[0,19] F-1 0 0 0

[1,0] F-1 0 4 0
[1,1] s-1 0 4 0
[1,2] F-1 0 4 0
[1,3] F-1 0 4 0
[1,4] F-1 0 4 0
[1,5] F-1 0 4 0
[1,6] F-1 0 4 0
[1,7] F-1 0 4 0
[1,8] F-1 0 4 0
[1,9] F-1 0 4 0
[1,10] F-1 0 4 0
[1,11] F-1 0 4 0
[1,12] F-1 0 4 0
[1,13] F-1 0 4 0
[1,14] F-1 0 4 0
[1,15] F-1 0 4 0
[1,16] F-1 0 3 0
[1,17] F-1 0 2 0
[1,18] F-1 0 1 0
[1,19] F-1 0 0 0

[2,0] F-1 0 5 0
[2,1] F-1 0 5 0
[2,2] F-1 0 5 0
[2,3] F-1 0 5 0
[2,4] F-1 0 5 0
[2,5] F-1 0 5 0
[2,6] F-1 0 5 0
[2,7] F-1 0 5 0
[2,8] F-1 0 5 0
[2,9] F-1 0 5 0
[2,10] F-1 0 5 0
[2,11] F-1 0 5 0
[2,12] F-1 0 5 0
[2,13] F-1 0 5 0
[2,14] F-1 0 5 0
[2,15] F-1 0 4 0
[2,16] F-1 0 3 0
[2,17] F-1 0 2 0
[2,18] F-1 0 1 0
[2,19] F-1 0 0 0

[3,0] F-1 0 6 0
[3,1] F-1 0 6 0
[3,2] F-1 0 6 0
[3,3] S-1 10 6 0
[3,4] F-1 0 6 0
[3,5] F-1 0 6 0
[3,6] F-1 0 6 0
[3,7] F-1 0 6 0
[3,8] F-1 0 6 0
[3,9] F-1 0 6 0
[3,10] s-1 0 6 0
[3,11] F-1 0 6 0
[3,12] F-1 0 6 0
[3,13] F-1 0 6 0
[3,14] F-1 0 5 0
[3,15] F-1 0 4 0
[3,16] F-1 0 3 0
[3,17] F-1 0 2 0
[3,18] F-1 0 1 0
[3,19] F-1 0 0 0

[4,0] F-1 0 6 0
[4,1] F-1 0 7 0
[4,2] F-1 0 7 0
[4,3] F-1 0 7 0
[4,4] F-1 0 7 0
[4,5] F-1 0 7 0
[4,6] F-1 0 7 0
[4,7] F-1 0 7 0
[4,8] F-1 0 7 0
[4,9] F-1 0 7 0
[4,10] F-1 0 7 0
[4,11] F-1 0 7 0
[4,12] F-1 0 7 0
[4,13] F-1 0 6 0
[4,14] F-1 0 5 0
[4,15] F-1 0 4 0
[4,16] F-1 0 3 0
[4,17] F-1 0 2 0
[4,18] F-1 0 1 0
[4,19] F-1 0 0 0

[5,0] F-1 0 6 0
[5,1] F-1 0 7 0
[5,2] F-1 0 8 0
[5,3] F-1 0 8 0
[5,4] F-1 0 8 0
[5,5] F-1 0 8 0
[5,6] F-1 0 8 0
[5,7] F-1 0 8 0
[5,8] F-1 0 8 0
[5,9] F-1 0 8 0
[5,10] F-1 0 8 0
[5,11] s-1 0 8 0
[5,12] F-1 0 7 0
[5,13] F-1 0 6 0
[5,14] F-1 0 5 0
[5,15] F-1 0 4 0
[5,16] F-1 0 3 0
[5,17] F-1 0 2 0
[5,18] F-1 0 1 0
[5,19] F-1 0 0 0

[6,0] F-1 0 6 0
[6,1] F-1 0 7 0
[6,2] F-1 0 8 0
[6,3] F-1 0 9 0
[6,4] F-1 0 9 0
[6,5] F-1 0 9 0
[6,6] S-1 27 9 0
[6,7] F-1 0 9 0
[6,8] F-1 0 9 0
[6,9] F-1 0 9 0
[6,10] F-1 0 9 0
[6,11] F-1 0 8 0
[6,12] F-1 0 7 0
[6,13] F-1 0 6 0
[6,14] F-1 0 5 0
[6,15] F-1 0 4 0
[6,16] F-1 0 3 0
[6,17] F-1 0 2 0
[6,18] F-1 0 1 0
[6,19] F-1 0 0 0

[7,0] F-1 0 6 0
[7,1] F-1 0 7 0
[7,2] F-1 0 8 0
[7,3] F-1 0 9 0
[7,4] a0 0 10 0
[7,5] a1 0 10 0
[7,6] F-1 0 10 0
[7,7] F-1 0 10 0
[7,8] a2 0 10 0
[7,9] F-1 0 10 0
[7,10] F-1 0 9 0
[7,11] F-1 0 8 0
[7,12] F-1 0 7 0
[7,13] F-1 0 6 0
[7,14] F-1 0 5 0
[7,15] F-1 0 4 0
[7,16] F-1 0 3 0
[7,17] F-1 0 2 0
[7,18] F-1 0 1 0
[7,19] F-1 0 0 0

[8,0] F-1 0 6 0
[8,1] F-1 0 7 0
[8,2] F-1 0 8 0
[8,3] s-1 0 9 0
[8,4] F-1 0 10 0
[8,5] F-1 0 11 0
[8,6] a4 0 11 0
[8,7] F-1 0 11 0
[8,8] F-1 0 11 0
[8,9] F-1 0 10 0
[8,10] a3 0 9 0
[8,11] F-1 0 8 0
[8,12] F-1 0 7 0
[8,13] F-1 0 6 0
[8,14] F-1 0 5 0
[8,15] F-1 0 4 0
[8,16] F-1 0 3 0
[8,17] F-1 0 2 0
[8,18] F-1 0 1 0
[8,19] F-1 0 0 0

[9,0] F-1 0 6 0
[9,1] F-1 0 7 0
[9,2] F-1 0 8 0
[9,3] F-1 0 9 0
[9,4] a6 0 10 0
[9,5] F-1 0 11 0
[9,6] N-1 0 12 0
[9,7] N-1 0 12 0
[9,8] F-1 0 11 0
[9,9] F-1 0 10 0
[9,10] a5 0 9 0
[9,11] S-1 6 8 0
[9,12] S-1 30 7 0
[9,13] F-1 0 6 0
[9,14] F-1 0 5 0
[9,15] F-1 0 4 0
[9,16] S-1 25 3 0
[9,17] F-1 0 2 0
[9,18] F-1 0 1 0
[9,19] F-1 0 0 0

[10,0] F-1 0 6 0
[10,1] F-1 0 7 0
[10,2] F-1 0 8 0
[10,3] F-1 0 9 0
[10,4] F-1 0 10 0
[10,5] F-1 0 11 0
[10,6] N-1 0 12 0
[10,7] N-1 0 12 0
[10,8] F-1 0 11 0
[10,9] F-1 0 10 0
[10,10] a7 0 9 0
[10,11] S-1 10 8 0
[10,12] F-1 0 7 0
[10,13] F-1 0 6 0
[10,14] F-1 0 5 0
[10,15] F-1 0 4 0
[10,16] F-1 0 3 0
[10,17] F-1 0 2 0
[10,18] F-1 0 1 0
[10,19] F-1 0 0 0

[11,0] F-1 0 6 0
[11,1] F-1 0 7 0
[11,2] s-1 0 8 0
[11,3] F-1 0 9 0
[11,4] F-1 0 10 0
[11,5] F-1 0 11 0
[11,6] F-1 0 11 0
[11,7] F-1 0 11 0
[11,8] F-1 0 11 0
[11,9] F-1 0 10 0
[11,10] a11 0 9 0
[11,11] F-1 0 8 0
[11,12] F-1 0 7 0
[11,13] F-1 0 6 0
[11,14] F-1 0 5 0
[11,15] F-1 0 4 0
[11,16] F-1 0 3 0
[11,17] F-1 0 2 0
[11,18] F-1 0 1 0
[11,19] F-1 0 0 0

[12,0] F-1 0 6 0
[12,1] F-1 0 7 0
[12,2] F-1 0 8 0
[12,3] s-1 0 9 0
[12,4] S-1 29 10 0
[12,5] A8 0 10 10
[12,6] F-1 0 10 0
[12,7] F-1 0 10 0
[12,8] a10 0 10 0
[12,9] S-1 26 10 0
[12,10] F-1 0 9 0
[12,11] F-1 0 8 0
[12,12] F-1 0 7 0
[12,13] F-1 0 6 0
[12,14] F-1 0 5 0
[12,15] F-1 0 4 0
[12,16] F-1 0 3 0
[12,17] F-1 0 2 0
[12,18] F-1 0 1 0
[12,19] F-1 0 0 0

[13,0] S-1 11 6 0
[13,1] F-1 0 7 0
[13,2] F-1 0 8 0
[13,3] F-1 0 9 0
[13,4] F-1 0 9 0
[13,5] F-1 0 9 0
[13,6] a9 0 9 0
[13,7] F-1 0 9 0
[13,8] F-1 0 9 0
[13,9] F-1 0 9 0
[13,10] F-1 0 9 0
[13,11] S-1 28 8 0
[13,12] F-1 0 7 0
[13,13] F-1 0 6 0
[13,14] F-1 0 5 0
[13,15] F-1 0 4 0
[13,16] F-1 0 3 0
[13,17] F-1 0 2 0
[13,18] F-1 0 1 0
[13,19] F-1 0 0 0

[14,0] F-1 0 6 0
[14,1] F-1 0 7 0
[14,2] F-1 0 8 0
[14,3] F-1 0 8 0
[14,4] F-1 0 8 0
[14,5] F-1 0 8 0
[14,6] F-1 0 8 0
[14,7] F-1 0 8 0
[14,8] F-1 0 8 0
[14,9] S-1 12 8 0
[14,10] S-1 22 8 0
[14,11] F-1 0 8 0
[14,12] F-1 0 7 0
[14,13] F-1 0 6 0
[14,14] F-1 0 5 0
[14,15] F-1 0 4 0
[14,16] F-1 0 3 0
[14,17] F-1 0 2 0
[14,18] F-1 0 1 0
[14,19] F-1 0 0 0

[15,0] F-1 0 6 0
[15,1] F-1 0 7 0
[15,2] F-1 0 7 0
[15,3] F-1 0 7 0
[15,4] F-1 0 7 0
[15,5] F-1 0 7 0
[15,6] F-1 0 7 0
[15,7] F-1 0 7 0
[15,8] s-1 0 7 0
[15,9] s-1 0 7 0
[15,10] F-1 0 7 0
[15,11] F-1 0 7 0
[15,12] F-1 0 7 0
[15,13] F-1 0 6 0
[15,14] F-1 0 5 0
[15,15] F-1 0 4 0
[15,16] F-1 0 3 0
[15,17] F-1 0 2 0
[15,18] F-1 0 1 0
[15,19] F-1 0 0 0

[16,0] F-1 0 6 0
[16,1] F-1 0 6 0
[16,2] F-1 0 6 0
[16,3] F-1 0 6 0
[16,4] F-1 0 6 0
[16,5] F-1 0 6 0
[16,6] F-1 0 6 0
[16,7] F-1 0 6 0
[16,8] F-1 0 6 0
[16,9] F-1 0 6 0
[16,10] F-1 0 6 0
[16,11] F-1 0 6 0
[16,12] F-1 0 6 0
[16,13] F-1 0 6 0
[16,14] F-1 0 5 0
[16,15] F-1 0 4 0
[16,16] s-1 0 3 0
[16,17] F-1 0 2 0
[16,18] F-1 0 1 0
[16,19] S-1 14 0 0

[17,0] F-1 0 5 0
[17,1] F-1 0 5 0
[17,2] F-1 0 5 0
[17,3] F-1 0 5 0
[17,4] F-1 0 5 0
[17,5] s-1 0 5 0
[17,6] F-1 0 5 0
[17,7] F-1 0 5 0
[17,8] F-1 0 5 0
[17,9] F-1 0 5 0
[17,10] F-1 0 5 0
[17,11] F-1 0 5 0
[17,12] F-1 0 5 0
[17,13] F-1 0 5 0
[17,14] F-1 0 5 0
[17,15] F-1 0 4 0
[17,16] F-1 0 3 0
[17,17] F-1 0 2 0
[17,18] F-1 0 1 0
[17,19] F-1 0 0 0

[18,0] F-1 0 4 0
[18,1] F-1 0 4 0
[18,2] F-1 0 4 0
[18,3] F-1 0 4 0
[18,4] F-1 0 4 0
[18,5] F-1 0 4 0
[18,6] F-1 0 4 0
[18,7] F-1 0 4 0
[18,8] F-1 0 4 0
[18,9] F-1 0 4 0
[18,10] S-1 13 4 0
[18,11] F-1 0 4 0
[18,12] F-1 0 4 0
[18,13] F-1 0 4 0
[18,14] F-1 0 4 0
[18,15] F-1 0 4 0
[18,16] F-1 0 3 0
[18,17] F-1 0 2 0
[18,18] F-1 0 1 0
[18,19] F-1 0 0 0

[19,0] F-1 0 3 0
[19,1] F-1 0 3 0
[19,2] F-1 0 3 0
[19,3] F-1 0 3 0
[19,4] F-1 0 3 0
[19,5] F-1 0 3 0
[19,6] F-1 0 3 0
[19,7] F-1 0 3 0
[19,8] F-1 0 3 0
[19,9] F-1 0 3 0
[19,10] F-1 0 3 0
[19,11] F-1 0 3 0
[19,12] F-1 0 3 0
[19,13] F-1 0 3 0
[19,14] F-1 0 3 0
[19,15] F-1 0 3 0
[19,16] F-1 0 3 0
[19,17] F-1 0 2 0
[19,18] F-1 0 1 0
[19,19] F-1 0 0 0



[0,0] F-1 0 3 0
[0,1] F-1 0 3 0
[0,2] F-1 0 3 0
[0,3] F-1 0 3 0
[0,4] F-1 0 3 0
[0,5] F-1 0 3 0
[0,6] F-1 0 3 0
[0,7] F-1 0 3 0
[0,8] F-1 0 3 0
[0,9] F-1 0 3 0
[0,10] F-1 0 3 0
[0,11] F-1 0 3 0
[0,12] F-1 0 3 0
[0,13] F-1 0 3 0
[0,14] F-1 0 3 0
[0,15] F-1 0 3 0
[0,16] F-1 0 3 0
[0,17] F-1 0 2 0
[0,18] S-1 7 1 0
[0,19] F-1 0 0 0

[1,0] F-1 0 4 0
[1,1] s-1 0 4 0
[1,2] F-1 0 4 0
[1,3] F-1 0 4 0
[1,4] F-1 0 4 0
[1,5] F-1 0 4 0
[1,6] F-1 0 4 0
[1,7] F-1 0 4 0
[1,8] F-1 0 4 0
[1,9] F-1 0 4 0
[1,10] F-1 0 4 0
[1,11] F-1 0 4 0
[1,12] F-1 0 4 0
[1,13] F-1 0 4 0
[1,14] F-1 0 4 0
[1,15] F-1 0 4 0
[1,16] F-1 0 3 0
[1,17] F-1 0 2 0
[1,18] F-1 0 1 0
[1,19] F-1 0 0 0

[2,0] F-1 0 5 0
[2,1] F-1 0 5 0
[2,2] F-1 0 5 0
[2,3] F-1 0 5 0
[2,4] F-1 0 5 0
[2,5] F-1 0 5 0
[2,6] F-1 0 5 0
[2,7] F-1 0 5 0
[2,8] F-1 0 5 0
[2,9] F-1 0 5 0
[2,10] F-1 0 5 0
[2,11] F-1 0 5 0
[2,12] F-1 0 5 0
[2,13] F-1 0 5 0
[2,14] F-1 0 5 0
[2,15] F-1 0 4 0
[2,16] F-1 0 3 0
[2,17] F-1 0 2 0
[2,18] F-1 0 1 0
[2,19] F-1 0 0 0

[3,0] F-1 0 6 0
[3,1] F-1 0 6 0
[3,2] F-1 0 6 0
[3,3] S-1 10 6 0
[3,4] F-1 0 6 0
[3,5] F-1 0 6 0
[3,6] F-1 0 6 0
[3,7] F-1 0 6 0
[3,8] F-1 0 6 0
[3,9] F-1 0 6 0
[3,10] s-1 0 6 0
[3,11] F-1 0 6 0
[3,12] F-1 0 6 0
[3,13] F-1 0 6 0
[3,14] F-1 0 5 0
[3,15] F-1 0 4 0
[3,16] F-1 0 3 0
[3,17] F-1 0 2 0
[3,18] F-1 0 1 0
[3,19] F-1 0 0 0

[4,0] F-1 0 6 0
[4,1] F-1 0 7 0
[4,2] F-1 0 7 0
[4,3] F-1 0 7 0
[4,4] F-1 0 7 0
[4,5] F-1 0 7 0
[4,6] F-1 0 7 0
[4,7] F-1 0 7 0
[4,8] F-1 0 7 0
[4,9] F-1 0 7 0
[4,10] F-1 0 7 0
[4,11] F-1 0 7 0
[4,12] F-1 0 7 0
[4,13] F-1 0 6 0
[4,14] F-1 0 5 0
[4,15] F-1 0 4 0
[4,16] F-1 0 3 0
[4,17] F-1 0 2 0
[4,18] F-1 0 1 0
[4,19] F-1 0 0 0

[5,0] F-1 0 6 0
[5,1] F-1 0 7 0
[5,2] F-1 0 8 0
[5,3] F-1 0 8 0
[5,4] F-1 0 8 0
[5,5] F-1 0 8 0
[5,6] F-1 0 8 0
[5,7] F-1 0 8 0
[5,8] F-1 0 8 0
[5,9] F-1 0 8 0
[5,10] F-1 0 8 0
[5,11] s-1 0 8 0
[5,12] F-1 0 7 0
[5,13] F-1 0 6 0
[5,14] F-1 0 5 0
[5,15] F-1 0 4 0
[5,16] F-1 0 3 0
[5,17] F-1 0 2 0
[5,18] F-1 0 1 0
[5,19] F-1 0 0 0

[6,0] F-1 0 6 0
[6,1] F-1 0 7 0
[6,2] F-1 0 8 0
[6,3] F-1 0 9 0
[6,4] F-1 0 9 0
[6,5] F-1 0 9 0
[6,6] S-1 27 9 0
[6,7] F-1 0 9 0
[6,8] F-1 0 9 0
[6,9] F-1 0 9 0
[6,10] F-1 0 9 0
[6,11] F-1 0 8 0
[6,12] F-1 0 7 0
[6,13] F-1 0 6 0
[6,14] F-1 0 5 0
[6,15] F-1 0 4 0
[6,16] F-1 0 3 0
[6,17] F-1 0 2 0
[6,18] F-1 0 1 0
[6,19] F-1 0 0 0

[7,0] F-1 0 6 0
[7,1] F-1 0 7 0
[7,2] F-1 0 8 0
[7,3] a0 0 9 0
[7,4] F-1 0 10 0
[7,5] F-1 0 10 0
[7,6] a1 0 10 0
[7,7] F-1 0 10 0
[7,8] F-1 0 10 0
[7,9] a2 0 10 0
[7,10] F-1 0 9 0
[7,11] F-1 0 8 0
[7,12] F-1 0 7 0
[7,13] F-1 0 6 0
[7,14] F-1 0 5 0
[7,15] F-1 0 4 0
[7,16] F-1 0 3 0
[7,17] F-1 0 2 0
[7,18] F-1 0 1 0
[7,19] F-1 0 0 0

[8,0] F-1 0 6 0
[8,1] F-1 0 7 0
[8,2] F-1 0 8 0
[8,3] s-1 0 9 0
[8,4] F-1 0 10 0
[8,5] F-1 0 11 0
[8,6] F-1 0 11 0
[8,7] a4 0 11 0
[8,8] F-1 0 11 0
[8,9] F-1 0 10 0
[8,10] F-1 0 9 0
[8,11] a3 0 8 0
[8,12] F-1 0 7 0
[8,13] F-1 0 6 0
[8,14] F-1 0 5 0
[8,15] F-1 0 4 0
[8,16] F-1 0 3 0
[8,17] F-1 0 2 0
[8,18] F-1 0 1 0
[8,19] F-1 0 0 0

[9,0] F-1 0 6 0
[9,1] F-1 0 7 0
[9,2] F-1 0 8 0
[9,3] F-1 0 9 0
[9,4] F-1 0 10 0
[9,5] a6 0 11 0
[9,6] N-1 0 12 0
[9,7] N-1 0 12 0
[9,8] F-1 0 11 0
[9,9] F-1 0 10 0
[9,10] A5 0 9 10
[9,11] S-1 5 8 0
[9,12] S-1 30 7 0
[9,13] F-1 0 6 0
[9,14] F-1 0 5 0
[9,15] F-1 0 4 0
[9,16] S-1 25 3 0
[9,17] F-1 0 2 0
[9,18] F-1 0 1 0
[9,19] F-1 0 0 0

[10,0] F-1 0 6 0
[10,1] F-1 0 7 0
[10,2] F-1 0 8 0
[10,3] F-1 0 9 0
[10,4] F-1 0 10 0
[10,5] F-1 0 11 0
[10,6] N-1 0 12 0
[10,7] N-1 0 12 0
[10,8] F-1 0 11 0
[10,9] F-1 0 10 0
[10,10] A7 0 9 10
[10,11] S-1 9 8 0
[10,12] F-1 0 7 0
[10,13] F-1 0 6 0
[10,14] F-1 0 5 0
[10,15] F-1 0 4 0
[10,16] F-1 0 3 0
[10,17] F-1 0 2 0
[10,18] F-1 0 1 0
[10,19] F-1 0 0 0

[11,0] F-1 0 6 0
[11,1] F-1 0 7 0
[11,2] s-1 0 8 0
[11,3] F-1 0 9 0
[11,4] F-1 0 10 0
[11,5] F-1 0 11 0
[11,6] F-1 0 11 0
[11,7] F-1 0 11 0
[11,8] F-1 0 11 0
[11,9] F-1 0 10 0
[11,10] F-1 0 9 0
[11,11] a11 0 8 0
[11,12] F-1 0 7 0
[11,13] F-1 0 6 0
[11,14] F-1 0 5 0
[11,15] F-1 0 4 0
[11,16] F-1 0 3 0
[11,17] F-1 0 2 0
[11,18] F-1 0 1 0
[11,19] F-1 0 0 0

[12,0] F-1 0 6 0
[12,1] F-1 0 7 0
[12,2] F-1 0 8 0
[12,3] s-1 0 9 0
[12,4] S-1 29 10 0
[12,5] A8 0 10 10
[12,6] F-1 0 10 0
[12,7] F-1 0 10 0
[12,8] A10 0 10 10
[12,9] S-1 25 10 0
[12,10] F-1 0 9 0
[12,11] F-1 0 8 0
[12,12] F-1 0 7 0
[12,13] F-1 0 6 0
[12,14] F-1 0 5 0
[12,15] F-1 0 4 0
[12,16] F-1 0 3 0
[12,17] F-1 0 2 0
[12,18] F-1 0 1 0
[12,19] F-1 0 0 0

[13,0] S-1 11 6 0
[13,1] F-1 0 7 0
[13,2] F-1 0 8 0
[13,3] F-1 0 9 0
[13,4] F-1 0 9 0
[13,5] F-1 0 9 0
[13,6] F-1 0 9 0
[13,7] a9 0 9 0
[13,8] F-1 0 9 0
[13,9] F-1 0 9 0
[13,10] F-1 0 9 0
[13,11] S-1 28 8 0
[13,12] F-1 0 7 0
[13,13] F-1 0 6 0
[13,14] F-1 0 5 0
[13,15] F-1 0 4 0
[13,16] F-1 0 3 0
[13,17] F-1 0 2 0
[13,18] F-1 0 1 0
[13,19] F-1 0 0 0

[14,0] F-1 0 6 0
[14,1] F-1 0 7 0
[14,2] F-1 0 8 0
[14,3] F-1 0 8 0
[14,4] F-1 0 8 0
[14,5] F-1 0 8 0
[14,6] F-1 0 8 0
[14,7] F-1 0 8 0
[14,8] F-1 0 8 0
[14,9] S-1 12 8 0
[14,10] S-1 22 8 0
[14,11] F-1 0 8 0
[14,12] F-1 0 7 0
[14,13] F-1 0 6 0
[14,14] F-1 0 5 0
[14,15] F-1 0 4 0
[14,16] F-1 0 3 0
[14,17] F-1 0 2 0
[14,18] F-1 0 1 0
[14,19] F-1 0 0 0

[15,0] F-1 0 6 0
[15,1] F-1 0 7 0
[15,2] F-1 0 7 0
[15,3] F-1 0 7 0
[15,4] F-1 0 7 0
[15,5] F-1 0 7 0
[15,6] F-1 0 7 0
[15,7] F-1 0 7 0
[15,8] s-1 0 7 0
[15,9] s-1 0 7 0
[15,10] F-1 0 7 0
[15,11] F-1 0 7 0
[15,12] F-1 0 7 0
[15,13] F-1 0 6 0
[15,14] F-1 0 5 0
[15,15] F-1 0 4 0
[15,16] F-1 0 3 0
[15,17] F-1 0 2 0
[15,18] F-1 0 1 0
[15,19] F-1 0 0 0

[16,0] F-1 0 6 0
[16,1] F-1 0 6 0
[16,2] F-1 0 6 0
[16,3] F-1 0 6 0
[16,4] F-1 0 6 0
[16,5] F-1 0 6 0
[16,6] F-1 0 6 0
[16,7] F-1 0 6 0
[16,8] F-1 0 6 0
[16,9] F-1 0 6 0
[16,10] F-1 0 6 0
[16,11] F-1 0 6 0
[16,12] F-1 0 6 0
[16,13] F-1 0 6 0
[16,14] F-1 0 5 0
[16,15] F-1 0 4 0
[16,16] s-1 0 3 0
[16,17] F-1 0 2 0
[16,18] F-1 0 1 0
[16,19] S-1 14 0 0

[17,0] F-1 0 5 0
[17,1] F-1 0 5 0
[17,2] F-1 0 5 0
[17,3] F-1 0 5 0
[17,4] F-1 0 5 0
[17,5] s-1 0 5 0
[17,6] F-1 0 5 0
[17,7] F-1 0 5 0
[17,8] F-1 0 5 0
[17,9] F-1 0 5 0
[17,10] F-1 0 5 0
[17,11] F-1 0 5 0
[17,12] F-1 0 5 0
[17,13] F-1 0 5 0
[17,14] F-1 0 5 0
[17,15] F-1 0 4 0
[17,16] F-1 0 3 0
[17,17] F-1 0 2 0
[17,18] F-1 0 1 0
[17,19] F-1 0 0 0

[18,0] F-1 0 4 0
[18,1] F-1 0 4 0
[18,2] F-1 0 4 0
[18,3] F-1 0 4 0
[18,4] F-1 0 4 0
[18,5] F-1 0 4 0
[18,6] F-1 0 4 0
[18,7] F-1 0 4 0
[18,8] F-1 0 4 0
[18,9] F-1 0 4 0
[18,10] S-1 13 4 0
[18,11] F-1 0 4 0
[18,12] F-1 0 4 0
[18,13] F-1 0 4 0
[18,14] F-1 0 4 0
[18,15] F-1 0 4 0
[18,16] F-1 0 3 0
[18,17] F-1 0 2 0
[18,18] F-1 0 1 0
[18,19] F-1 0 0 0

[19,0] F-1 0 3 0
[19,1] F-1 0 3 0
[19,2] F-1 0 3 0
[19,3] F-1 0 3 0
[19,4] F-1 0 3 0
[19,5] F-1 0 3 0
[19,6] F-1 0 3 0
[19,7] F-1 0 3 0
[19,8] F-1 0 3 0
[19,9] F-1 0 3 0
[19,10] F-1 0 3 0
[19,11] F-1 0 3 0
[19,12] F-1 0 3 0
[19,13] F-1 0 3 0
[19,14] F-1 0 3 0
[19,15] F-1 0 3 0
[19,16] F-1 0 3 0
[19,17] F-1 0 2 0
[19,18] F-1 0 1 0
[19,19] F-1 0 0 0



[0,0] F-1 0 3 0
[0,1] F-1 0 3 0
[0,2] F-1 0 3 0
[0,3] F-1 0 3 0
[0,4] F-1 0 3 0
[0,5] F-1 0 3 0
[0,6] F-1 0 3 0
[0,7] F-1 0 3 0
[0,8] F-1 0 3 0
[0,9] F-1 0 3 0
[0,10] F-1 0 3 0
[0,11] F-1 0 3 0
[0,12] F-1 0 3 0
[0,13] F-1 0 3 0
[0,14] F-1 0 3 0
[0,15] F-1 0 3 0
[0,16] F-1 0 3 0
[0,17] F-1 0 2 0
[0,18] S-1 7 1 0
[0,19] F-1 0 0 0

[1,0] F-1 0 4 0
[1,1] s-1 0 4 0
[1,2] F-1 0 4 0
[1,3] F-1 0 4 0
[1,4] F-1 0 4 0
[1,5] F-1 0 4 0
[1,6] F-1 0 4 0
[1,7] F-1 0 4 0
[1,8] F-1 0 4 0
[1,9] F-1 0 4 0
[1,10] F-1 0 4 0
[1,11] F-1 0 4 0
[1,12] F-1 0 4 0
[1,13] F-1 0 4 0
[1,14] F-1 0 4 0
[1,15] F-1 0 4 0
[1,16] F-1 0 3 0
[1,17] F-1 0 2 0
[1,18] F-1 0 1 0
[1,19] F-1 0 0 0

[2,0] F-1 0 5 0
[2,1] F-1 0 5 0
[2,2] F-1 0 5 0
[2,3] F-1 0 5 0
[2,4] F-1 0 5 0
[2,5] F-1 0 5 0
[2,6] F-1 0 5 0
[2,7] F-1 0 5 0
[2,8] F-1 0 5 0
[2,9] F-1 0 5 0
[2,10] F-1 0 5 0
[2,11] F-1 0 5 0
[2,12] F-1 0 5 0
[2,13] F-1 0 5 0
[2,14] F-1 0 5 0
[2,15] F-1 0 4 0
[2,16] F-1 0 3 0
[2,17] F-1 0 2 0
[2,18] F-1 0 1 0
[2,19] F-1 0 0 0

[3,0] F-1 0 6 0
[3,1] F-1 0 6 0
[3,2] F-1 0 6 0
[3,3] S-1 10 6 0
[3,4] F-1 0 6 0
[3,5] F-1 0 6 0
[3,6] F-1 0 6 0
[3,7] F-1 0 6 0
[3,8] F-1 0 6 0
[3,9] F-1 0 6 0
[3,10] s-1 0 6 0
[3,11] F-1 0 6 0
[3,12] F-1 0 6 0
[3,13] F-1 0 6 0
[3,14] F-1 0 5 0
[3,15] F-1 0 4 0
[3,16] F-1 0 3 0
[3,17] F-1 0 2 0
[3,18] F-1 0 1 0
[3,19] F-1 0 0 0

[4,0] F-1 0 6 0
[4,1] F-1 0 7 0
[4,2] F-1 0 7 0
[4,3] F-1 0 7 0
[4,4] F-1 0 7 0
[4,5] F-1 0 7 0
[4,6] F-1 0 7 0
[4,7] F-1 0 7 0
[4,8] F-1 0 7 0
[4,9] F-1 0 7 0
[4,10] F-1 0 7 0
[4,11] F-1 0 7 0
[4,12] F-1 0 7 0
[4,13] F-1 0 6 0
[4,14] F-1 0 5 0
[4,15] F-1 0 4 0
[4,16] F-1 0 3 0
[4,17] F-1 0 2 0
[4,18] F-1 0 1 0
[4,19] F-1 0 0 0

[5,0] F-1 0 6 0
[5,1] F-1 0 7 0
[5,2] F-1 0 8 0
[5,3] F-1 0 8 0
[5,4] F-1 0 8 0
[5,5] F-1 0 8 0
[5,6] F-1 0 8 0
[5,7] F-1 0 8 0
[5,8] F-1 0 8 0
[5,9] F-1 0 8 0
[5,10] F-1 0 8 0
[5,11] s-1 0 8 0
[5,12] F-1 0 7 0
[5,13] F-1 0 6 0
[5,14] F-1 0 5 0
[5,15] F-1 0 4 0
[5,16] F-1 0 3 0
[5,17] F-1 0 2 0
[5,18] F-1 0 1 0
[5,19] F-1 0 0 0

[6,0] F-1 0 6 0
[6,1] F-1 0 7 0
[6,2] F-1 0 8 0
[6,3] F-1 0 9 0
[6,4] F-1 0 9 0
[6,5] F-1 0 9 0
[6,6] S-1 27 9 0
[6,7] F-1 0 9 0
[6,8] F-1 0 9 0
[6,9] F-1 0 9 0
[6,10] F-1 0 9 0
[6,11] F-1 0 8 0
[6,12] F-1 0 7 0
[6,13] F-1 0 6 0
[6,14] F-1 0 5 0
[6,15] F-1 0 4 0
[6,16] F-1 0 3 0
[6,17] F-1 0 2 0
[6,18] F-1 0 1 0
[6,19] F-1 0 0 0

[7,0] F-1 0 6 0
[7,1] F-1 0 7 0
[7,2] F-1 0 8 0
[7,3] F-1 0 9 0
[7,4] a0 0 10 0
[7,5] F-1 0 10 0
[7,6] F-1 0 10 0
[7,7] a1 0 10 0
[7,8] F-1 0 10 0
[7,9] F-1 0 10 0
[7,10] a2 0 9 0
[7,11] F-1 0 8 0
[7,12] F-1 0 7 0
[7,13] F-1 0 6 0
[7,14] F-1 0 5 0
[7,15] F-1 0 4 0
[7,16] F-1 0 3 0
[7,17] F-1 0 2 0
[7,18] F-1 0 1 0
[7,19] F-1 0 0 0

[8,0] F-1 0 6 0
[8,1] F-1 0 7 0
[8,2] F-1 0 8 0
[8,3] s-1 0 9 0
[8,4] F-1 0 10 0
[8,5] F-1 0 11 0
[8,6] F-1 0 11 0
[8,7] F-1 0 11 0
[8,8] a4 0 11 0
[8,9] F-1 0 10 0
[8,10] F-1 0 9 0
[8,11] F-1 0 8 0
[8,12] a3 0 7 0
[8,13] F-1 0 6 0
[8,14] F-1 0 5 0
[8,15] F-1 0 4 0
[8,16] F-1 0 3 0
[8,17] F-1 0 2 0
[8,18] F-1 0 1 0
[8,19] F-1 0 0 0

[9,0] F-1 0 6 0
[9,1] F-1 0 7 0
[9,2] F-1 0 8 0
[9,3] F-1 0 9 0
[9,4] a6 0 10 0
[9,5] F-1 0 11 0
[9,6] N-1 0 12 0
[9,7] N-1 0 12 0
[9,8] F-1 0 11 0
[9,9] F-1 0 10 0
[9,10] A5 0 9 10
[9,11] S-1 5 8 0
[9,12] S-1 30 7 0
[9,13] F-1 0 6 0
[9,14] F-1 0 5 0
[9,15] F-1 0 4 0
[9,16] S-1 25 3 0
[9,17] F-1 0 2 0
[9,18] F-1 0 1 0
[9,19] F-1 0 0 0

[10,0] F-1 0 6 0
[10,1] F-1 0 7 0
[10,2] F-1 0 8 0
[10,3] F-1 0 9 0
[10,4] F-1 0 10 0
[10,5] F-1 0 11 0
[10,6] N-1 0 12 0
[10,7] N-1 0 12 0
[10,8] F-1 0 11 0
[10,9] F-1 0 10 0
[10,10] A7 0 9 10
[10,11] S-1 9 8 0
[10,12] F-1 0 7 0
[10,13] F-1 0 6 0
[10,14] F-1 0 5 0
[10,15] F-1 0 4 0
[10,16] F-1 0 3 0
[10,17] F-1 0 2 0
[10,18] F-1 0 1 0
[10,19] F-1 0 0 0

[11,0] F-1 0 6 0
[11,1] F-1 0 7 0
[11,2] s-1 0 8 0
[11,3] F-1 0 9 0
[11,4] F-1 0 10 0
[11,5] F-1 0 11 0
[11,6] F-1 0 11 0
[11,7] F-1 0 11 0
[11,8] F-1 0 11 0
[11,9] F-1 0 10 0
[11,10] F-1 0 9 0
[11,11] F-1 0 8 0
[11,12] a11 0 7 0
[11,13] F-1 0 6 0
[11,14] F-1 0 5 0
[11,15] F-1 0 4 0
[11,16] F-1 0 3 0
[11,17] F-1 0 2 0
[11,18] F-1 0 1 0
[11,19] F-1 0 0 0

[12,0] F-1 0 6 0
[12,1] F-1 0 7 0
[12,2] F-1 0 8 0
[12,3] s-1 0 9 0
[12,4] S-1 29 10 0
[12,5] A8 0 10 10
[12,6] F-1 0 10 0
[12,7] F-1 0 10 0
[12,8] A10 0 10 10
[12,9] S-1 25 10 0
[12,10] F-1 0 9 0
[12,11] F-1 0 8 0
[12,12] F-1 0 7 0
[12,13] F-1 0 6 0
[12,14] F-1 0 5 0
[12,15] F-1 0 4 0
[12,16] F-1 0 3 0
[12,17] F-1 0 2 0
[12,18] F-1 0 1 0
[12,19] F-1 0 0 0

[13,0] S-1 11 6 0
[13,1] F-1 0 7 0
[13,2] F-1 0 8 0
[13,3] F-1 0 9 0
[13,4] F-1 0 9 0
[13,5] F-1 0 9 0
[13,6] F-1 0 9 0
[13,7] F-1 0 9 0
[13,8] a9 0 9 0
[13,9] F-1 0 9 0
[13,10] F-1 0 9 0
[13,11] S-1 28 8 0
[13,12] F-1 0 7 0
[13,13] F-1 0 6 0
[13,14] F-1 0 5 0
[13,15] F-1 0 4 0
[13,16] F-1 0 3 0
[13,17] F-1 0 2 0
[13,18] F-1 0 1 0
[13,19] F-1 0 0 0

[14,0] F-1 0 6 0
[14,1] F-1 0 7 0
[14,2] F-1 0 8 0
[14,3] F-1 0 8 0
[14,4] F-1 0 8 0
[14,5] F-1 0 8 0
[14,6] F-1 0 8 0
[14,7] F-1 0 8 0
[14,8] F-1 0 8 0
[14,9] S-1 12 8 0
[14,10] S-1 22 8 0
[14,11] F-1 0 8 0
[14,12] F-1 0 7 0
[14,13] F-1 0 6 0
[14,14] F-1 0 5 0
[14,15] F-1 0 4 0
[14,16] F-1 0 3 0
[14,17] F-1 0 2 0
[14,18] F-1 0 1 0
[14,19] F-1 0 0 0

[15,0] F-1 0 6 0
[15,1] F-1 0 7 0
[15,2] F-1 0 7 0
[15,3] F-1 0 7 0
[15,4] F-1 0 7 0
[15,5] F-1 0 7 0
[15,6] F-1 0 7 0
[15,7] F-1 0 7 0
[15,8] s-1 0 7 0
[15,9] s-1 0 7 0
[15,10] F-1 0 7 0
[15,11] F-1 0 7 0
[15,12] F-1 0 7 0
[15,13] F-1 0 6 0
[15,14] F-1 0 5 0
[15,15] F-1 0 4 0
[15,16] F-1 0 3 0
[15,17] F-1 0 2 0
[15,18] F-1 0 1 0
[15,19] F-1 0 0 0

[16,0] F-1 0 6 0
[16,1] F-1 0 6 0
[16,2] F-1 0 6 0
[16,3] F-1 0 6 0
[16,4] F-1 0 6 0
[16,5] F-1 0 6 0
[16,6] F-1 0 6 0
[16,7] F-1 0 6 0
[16,8] F-1 0 6 0
[16,9] F-1 0 6 0
[16,10] F-1 0 6 0
[16,11] F-1 0 6 0
[16,12] F-1 0 6 0
[16,13] F-1 0 6 0
[16,14] F-1 0 5 0
[16,15] F-1 0 4 0
[16,16] s-1 0 3 0
[16,17] F-1 0 2 0
[16,18] F-1 0 1 0
[16,19] S-1 14 0 0

[17,0] F-1 0 5 0
[17,1] F-1 0 5 0
[17,2] F-1 0 5 0
[17,3] F-1 0 5 0
[17,4] F-1 0 5 0
[17,5] s-1 0 5 0
[17,6] F-1 0 5 0
[17,7] F-1 0 5 0
[17,8] F-1 0 5 0
[17,9] F-1 0 5 0
[17,10] F-1 0 5 0
[17,11] F-1 0 5 0
[17,12] F-1 0 5 0
[17,13] F-1 0 5 0
[17,14] F-1 0 5 0
[17,15] F-1 0 4 0
[17,16] F-1 0 3 0
[17,17] F-1 0 2 0
[17,18] F-1 0 1 0
[17,19] F-1 0 0 0

[18,0] F-1 0 4 0
[18,1] F-1 0 4 0
[18,2] F-1 0 4 0
[18,3] F-1 0 4 0
[18,4] F-1 0 4 0
[18,5] F-1 0 4 0
[18,6] F-1 0 4 0
[18,7] F-1 0 4 0
[18,8] F-1 0 4 0
[18,9] F-1 0 4 0
[18,10] S-1 13 4 0
[18,11] F-1 0 4 0
[18,12] F-1 0 4 0
[18,13] F-1 0 4 0
[18,14] F-1 0 4 0
[18,15] F-1 0 4 0
[18,16] F-1 0 3 0
[18,17] F-1 0 2 0
[18,18] F-1 0 1 0
[18,19] F-1 0 0 0

[19,0] F-1 0 3 0
[19,1] F-1 0 3 0
[19,2] F-1 0 3 0
[19,3] F-1 0 3 0
[19,4] F-1 0 3 0
[19,5] F-1 0 3 0
[19,6] F-1 0 3 0
[19,7] F-1 0 3 0
[19,8] F-1 0 3 0
[19,9] F-1 0 3 0
[19,10] F-1 0 3 0
[19,11] F-1 0 3 0
[19,12] F-1 0 3 0
[19,13] F-1 0 3 0
[19,14] F-1 0 3 0
[19,15] F-1 0 3 0
[19,16] F-1 0 3 0
[19,17] F-1 0 2 0
[19,18] F-1 0 1 0
[19,19] F-1 0 0 0



[0,0] F-1 0 3 0
[0,1] F-1 0 3 0
[0,2] F-1 0 3 0
[0,3] F-1 0 3 0
[0,4] F-1 0 3 0
[0,5] F-1 0 3 0
[0,6] F-1 0 3 0
[0,7] F-1 0 3 0
[0,8] F-1 0 3 0
[0,9] F-1 0 3 0
[0,10] F-1 0 3 0
[0,11] F-1 0 3 0
[0,12] F-1 0 3 0
[0,13] F-1 0 3 0
[0,14] F-1 0 3 0
[0,15] F-1 0 3 0
[0,16] F-1 0 3 0
[0,17] F-1 0 2 0
[0,18] S-1 7 1 0
[0,19] F-1 0 0 0

[1,0] F-1 0 4 0
[1,1] s-1 0 4 0
[1,2] F-1 0 4 0
[1,3] F-1 0 4 0
[1,4] F-1 0 4 0
[1,5] F-1 0 4 0
[1,6] F-1 0 4 0
[1,7] F-1 0 4 0
[1,8] F-1 0 4 0
[1,9] F-1 0 4 0
[1,10] F-1 0 4 0
[1,11] F-1 0 4 0
[1,12] F-1 0 4 0
[1,13] F-1 0 4 0
[1,14] F-1 0 4 0
[1,15] F-1 0 4 0
[1,16] F-1 0 3 0
[1,17] F-1 0 2 0
[1,18] F-1 0 1 0
[1,19] F-1 0 0 0

[2,0] F-1 0 5 0
[2,1] F-1 0 5 0
[2,2] F-1 0 5 0
[2,3] F-1 0 5 0
[2,4] F-1 0 5 0
[2,5] F-1 0 5 0
[2,6] F-1 0 5 0
[2,7] F-1 0 5 0
[2,8] F-1 0 5 0
[2,9] F-1 0 5 0
[2,10] F-1 0 5 0
[2,11] F-1 0 5 0
[2,12] F-1 0 5 0
[2,13] F-1 0 5 0
[2,14] F-1 0 5 0
[2,15] F-1 0 4 0
[2,16] F-1 0 3 0
[2,17] F-1 0 2 0
[2,18] F-1 0 1 0
[2,19] F-1 0 0 0

[3,0] F-1 0 6 0
[3,1] F-1 0 6 0
[3,2] F-1 0 6 0
[3,3] S-1 10 6 0
[3,4] F-1 0 6 0
[3,5] F-1 0 6 0
[3,6] F-1 0 6 0
[3,7] F-1 0 6 0
[3,8] F-1 0 6 0
[3,9] F-1 0 6 0
[3,10] s-1 0 6 0
[3,11] F-1 0 6 0
[3,12] F-1 0 6 0
[3,13] F-1 0 6 0
[3,14] F-1 0 5 0
[3,15] F-1 0 4 0
[3,16] F-1 0 3 0
[3,17] F-1 0 2 0
[3,18] F-1 0 1 0
[3,19] F-1 0 0 0

[4,0] F-1 0 6 0
[4,1] F-1 0 7 0
[4,2] F-1 0 7 0
[4,3] F-1 0 7 0
[4,4] F-1 0 7 0
[4,5] F-1 0 7 0
[4,6] F-1 0 7 0
[4,7] F-1 0 7 0
[4,8] F-1 0 7 0
[4,9] F-1 0 7 0
[4,10] F-1 0 7 0
[4,11] F-1 0 7 0
[4,12] F-1 0 7 0
[4,13] F-1 0 6 0
[4,14] F-1 0 5 0
[4,15] F-1 0 4 0
[4,16] F-1 0 3 0
[4,17] F-1 0 2 0
[4,18] F-1 0 1 0
[4,19] F-1 0 0 0

[5,0] F-1 0 6 0
[5,1] F-1 0 7 0
[5,2] F-1 0 8 0
[5,3] F-1 0 8 0
[5,4] F-1 0 8 0
[5,5] F-1 0 8 0
[5,6] F-1 0 8 0
[5,7] F-1 0 8 0
[5,8] F-1 0 8 0
[5,9] F-1 0 8 0
[5,10] F-1 0 8 0
[5,11] s-1 0 8 0
[5,12] F-1 0 7 0
[5,13] F-1 0 6 0
[5,14] F-1 0 5 0
[5,15] F-1 0 4 0
[5,16] F-1 0 3 0
[5,17] F-1 0 2 0
[5,18] F-1 0 1 0
[5,19] F-1 0 0 0

[6,0] F-1 0 6 0
[6,1] F-1 0 7 0
[6,2] F-1 0 8 0
[6,3] F-1 0 9 0
[6,4] F-1 0 9 0
[6,5] F-1 0 9 0
[6,6] S-1 27 9 0
[6,7] F-1 0 9 0
[6,8] F-1 0 9 0
[6,9] F-1 0 9 0
[6,10] F-1 0 9 0
[6,11] F-1 0 8 0
[6,12] F-1 0 7 0
[6,13] F-1 0 6 0
[6,14] F-1 0 5 0
[6,15] F-1 0 4 0
[6,16] F-1 0 3 0
[6,17] F-1 0 2 0
[6,18] F-1 0 1 0
[6,19] F-1 0 0 0

[7,0] F-1 0 6 0
[7,1] F-1 0 7 0
[7,2] F-1 0 8 0
[7,3] F-1 0 9 0
[7,4] F-1 0 10 0
[7,5] a0 0 10 0
[7,6] F-1 0 10 0
[7,7] F-1 0 10 0
[7,8] a1 0 10 0
[7,9] F-1 0 10 0
[7,10] F-1 0 9 0
[7,11] a2 0 8 0
[7,12] F-1 0 7 0
[7,13] F-1 0 6 0
[7,14] F-1 0 5 0
[7,15] F-1 0 4 0
[7,16] F-1 0 3 0
[7,17] F-1 0 2 0
[7,18] F-1 0 1 0
[7,19] F-1 0 0 0

[8,0] F-1 0 6 0
[8,1] F-1 0 7 0
[8,2] F-1 0 8 0
[8,3] s-1 0 9 0
[8,4] F-1 0 10 0
[8,5] F-1 0 11 0
[8,6] F-1 0 11 0
[8,7] F-1 0 11 0
[8,8] F-1 0 11 0
[8,9] a4 0 10 0
[8,10] F-1 0 9 0
[8,11] F-1 0 8 0
[8,12] F-1 0 7 0
[8,13] a3 0 6 0
[8,14] F-1 0 5 0
[8,15] F-1 0 4 0
[8,16] F-1 0 3 0
[8,17] F-1 0 2 0
[8,18] F-1 0 1 0
[8,19] F-1 0 0 0

[9,0] F-1 0 6 0
[9,1] F-1 0 7 0
[9,2] F-1 0 8 0
[9,3] F-1 0 9 0
[9,4] F-1 0 10 0
[9,5] a6 0 11 0
[9,6] N-1 0 12 0
[9,7] N-1 0 12 0
[9,8] F-1 0 11 0
[9,9] F-1 0 10 0
[9,10] A5 0 9 10
[9,11] S-1 5 8 0
[9,12] S-1 30 7 0
[9,13] F-1 0 6 0
[9,14] F-1 0 5 0
[9,15] F-1 0 4 0
[9,16] S-1 25 3 0
[9,17] F-1 0 2 0
[9,18] F-1 0 1 0
[9,19] F-1 0 0 0

[10,0] F-1 0 6 0
[10,1] F-1 0 7 0
[10,2] F-1 0 8 0
[10,3] F-1 0 9 0
[10,4] F-1 0 10 0
[10,5] F-1 0 11 0
[10,6] N-1 0 12 0
[10,7] N-1 0 12 0
[10,8] F-1 0 11 0
[10,9] F-1 0 10 0
[10,10] A7 0 9 10
[10,11] S-1 9 8 0
[10,12] F-1 0 7 0
[10,13] F-1 0 6 0
[10,14] F-1 0 5 0
[10,15] F-1 0 4 0
[10,16] F-1 0 3 0
[10,17] F-1 0 2 0
[10,18] F-1 0 1 0
[10,19] F-1 0 0 0

[11,0] F-1 0 6 0
[11,1] F-1 0 7 0
[11,2] s-1 0 8 0
[11,3] F-1 0 9 0
[11,4] F-1 0 10 0
[11,5] F-1 0 11 0
[11,6] F-1 0 11 0
[11,7] F-1 0 11 0
[11,8] F-1 0 11 0
[11,9] F-1 0 10 0
[11,10] F-1 0 9 0
[11,11] F-1 0 8 0
[11,12] F-1 0 7 0
[11,13] a11 0 6 0
[11,14] F-1 0 5 0
[11,15] F-1 0 4 0
[11,16] F-1 0 3 0
[11,17] F-1 0 2 0
[11,18] F-1 0 1 0
[11,19] F-1 0 0 0

[12,0] F-1 0 6 0
[12,1] F-1 0 7 0
[12,2] F-1 0 8 0
[12,3] s-1 0 9 0
[12,4] S-1 29 10 0
[12,5] A8 0 10 10
[12,6] F-1 0 10 0
[12,7] F-1 0 10 0
[12,8] A10 0 10 10
[12,9] S-1 25 10 0
[12,10] F-1 0 9 0
[12,11] F-1 0 8 0
[12,12] F-1 0 7 0
[12,13] F-1 0 6 0
[12,14] F-1 0 5 0
[12,15] F-1 0 4 0
[12,16] F-1 0 3 0
[12,17] F-1 0 2 0
[12,18] F-1 0 1 0
[12,19] F-1 0 0 0

[13,0] S-1 11 6 0
[13,1] F-1 0 7 0
[13,2] F-1 0 8 0
[13,3] F-1 0 9 0
[13,4] F-1 0 9 0
[13,5] F-1 0 9 0
[13,6] F-1 0 9 0
[13,7] F-1 0 9 0
[13,8] F-1 0 9 0
[13,9] a9 0 9 0
[13,10] F-1 0 9 0
[13,11] S-1 28 8 0
[13,12] F-1 0 7 0
[13,13] F-1 0 6 0
[13,14] F-1 0 5 0
[13,15] F-1 0 4 0
[13,16] F-1 0 3 0
[13,17] F-1 0 2 0
[13,18] F-1 0 1 0
[13,19] F-1 0 0 0

[14,0] F-1 0 6 0
[14,1] F-1 0 7 0
[14,2] F-1 0 8 0
[14,3] F-1 0 8 0
[14,4] F-1 0 8 0
[14,5] F-1 0 8 0
[14,6] F-1 0 8 0
[14,7] F-1 0 8 0
[14,8] F-1 0 8 0
[14,9] S-1 12 8 0
[14,10] S-1 22 8 0
[14,11] F-1 0 8 0
[14,12] F-1 0 7 0
[14,13] F-1 0 6 0
[14,14] F-1 0 5 0
[14,15] F-1 0 4 0
[14,16] F-1 0 3 0
[14,17] F-1 0 2 0
[14,18] F-1 0 1 0
[14,19] F-1 0 0 0

[15,0] F-1 0 6 0
[15,1] F-1 0 7 0
[15,2] F-1 0 7 0
[15,3] F-1 0 7 0
[15,4] F-1 0 7 0
[15,5] F-1 0 7 0
[15,6] F-1 0 7 0
[15,7] F-1 0 7 0
[15,8] s-1 0 7 0
[15,9] s-1 0 7 0
[15,10] F-1 0 7 0
[15,11] F-1 0 7 0
[15,12] F-1 0 7 0
[15,13] F-1 0 6 0
[15,14] F-1 0 5 0
[15,15] F-1 0 4 0
[15,16] F-1 0 3 0
[15,17] F-1 0 2 0
[15,18] F-1 0 1 0
[15,19] F-1 0 0 0

[16,0] F-1 0 6 0
[16,1] F-1 0 6 0
[16,2] F-1 0 6 0
[16,3] F-1 0 6 0
[16,4] F-1 0 6 0
[16,5] F-1 0 6 0
[16,6] F-1 0 6 0
[16,7] F-1 0 6 0
[16,8] F-1 0 6 0
[16,9] F-1 0 6 0
[16,10] F-1 0 6 0
[16,11] F-1 0 6 0
[16,12] F-1 0 6 0
[16,13] F-1 0 6 0
[16,14] F-1 0 5 0
[16,15] F-1 0 4 0
[16,16] s-1 0 3 0
[16,17] F-1 0 2 0
[16,18] F-1 0 1 0
[16,19] S-1 14 0 0

[17,0] F-1 0 5 0
[17,1] F-1 0 5 0
[17,2] F-1 0 5 0
[17,3] F-1 0 5 0
[17,4] F-1 0 5 0
[17,5] s-1 0 5 0
[17,6] F-1 0 5 0
[17,7] F-1 0 5 0
[17,8] F-1 0 5 0
[17,9] F-1 0 5 0
[17,10] F-1 0 5 0
[17,11] F-1 0 5 0
[17,12] F-1 0 5 0
[17,13] F-1 0 5 0
[17,14] F-1 0 5 0
[17,15] F-1 0 4 0
[17,16] F-1 0 3 0
[17,17] F-1 0 2 0
[17,18] F-1 0 1 0
[17,19] F-1 0 0 0

[18,0] F-1 0 4 0
[18,1] F-1 0 4 0
[18,2] F-1 0 4 0
[18,3] F-1 0 4 0
[18,4] F-1 0 4 0
[18,5] F-1 0 4 0
[18,6] F-1 0 4 0
[18,7] F-1 0 4 0
[18,8] F-1 0 4 0
[18,9] F-1 0 4 0
[18,10] S-1 13 4 0
[18,11] F-1 0 4 0
[18,12] F-1 0 4 0
[18,13] F-1 0 4 0
[18,14] F-1 0 4 0
[18,15] F-1 0 4 0
[18,16] F-1 0 3 0
[18,17] F-1 0 2 0
[18,18] F-1 0 1 0
[18,19] F-1 0 0 0

[19,0] F-1 0 3 0
[19,1] F-1 0 3 0
[19,2] F-1 0 3 0
[19,3] F-1 0 3 0
[19,4] F-1 0 3 0
[19,5] F-1 0 3 0
[19,6] F-1 0 3 0
[19,7] F-1 0 3 0
[19,8] F-1 0 3 0
[19,9] F-1 0 3 0
[19,10] F-1 0 3 0
[19,11] F-1 0 3 0
[19,12] F-1 0 3 0
[19,13] F-1 0 3 0
[19,14] F-1 0 3 0
[19,15] F-1 0 3 0
[19,16] F-1 0 3 0
[19,17] F-1 0 2 0
[19,18] F-1 0 1 0
[19,19] F-1 0 0 0



[0,0] F-1 0 3 0
[0,1] F-1 0 3 0
[0,2] F-1 0 3 0
[0,3] F-1 0 3 0
[0,4] F-1 0 3 0
[0,5] F-1 0 3 0
[0,6] F-1 0 3 0
[0,7] F-1 0 3 0
[0,8] F-1 0 3 0
[0,9] F-1 0 3 0
[0,10] F-1 0 3 0
[0,11] F-1 0 3 0
[0,12] F-1 0 3 0
[0,13] F-1 0 3 0
[0,14] F-1 0 3 0
[0,15] F-1 0 3 0
[0,16] F-1 0 3 0
[0,17] F-1 0 2 0
[0,18] S-1 7 1 0
[0,19] F-1 0 0 0

[1,0] F-1 0 4 0
[1,1] s-1 0 4 0
[1,2] F-1 0 4 0
[1,3] F-1 0 4 0
[1,4] F-1 0 4 0
[1,5] F-1 0 4 0
[1,6] F-1 0 4 0
[1,7] F-1 0 4 0
[1,8] F-1 0 4 0
[1,9] F-1 0 4 0
[1,10] F-1 0 4 0
[1,11] F-1 0 4 0
[1,12] F-1 0 4 0
[1,13] F-1 0 4 0
[1,14] F-1 0 4 0
[1,15] F-1 0 4 0
[1,16] F-1 0 3 0
[1,17] F-1 0 2 0
[1,18] F-1 0 1 0
[1,19] F-1 0 0 0

[2,0] F-1 0 5 0
[2,1] F-1 0 5 0
[2,2] F-1 0 5 0
[2,3] F-1 0 5 0
[2,4] F-1 0 5 0
[2,5] F-1 0 5 0
[2,6] F-1 0 5 0
[2,7] F-1 0 5 0
[2,8] F-1 0 5 0
[2,9] F-1 0 5 0
[2,10] F-1 0 5 0
[2,11] F-1 0 5 0
[2,12] F-1 0 5 0
[2,13] F-1 0 5 0
[2,14] F-1 0 5 0
[2,15] F-1 0 4 0
[2,16] F-1 0 3 0
[2,17] F-1 0 2 0
[2,18] F-1 0 1 0
[2,19] F-1 0 0 0

[3,0] F-1 0 6 0
[3,1] F-1 0 6 0
[3,2] F-1 0 6 0
[3,3] S-1 10 6 0
[3,4] F-1 0 6 0
[3,5] F-1 0 6 0
[3,6] F-1 0 6 0
[3,7] F-1 0 6 0
[3,8] F-1 0 6 0
[3,9] F-1 0 6 0
[3,10] s-1 0 6 0
[3,11] F-1 0 6 0
[3,12] F-1 0 6 0
[3,13] F-1 0 6 0
[3,14] F-1 0 5 0
[3,15] F-1 0 4 0
[3,16] F-1 0 3 0
[3,17] F-1 0 2 0
[3,18] F-1 0 1 0
[3,19] F-1 0 0 0

[4,0] F-1 0 6 0
[4,1] F-1 0 7 0
[4,2] F-1 0 7 0
[4,3] F-1 0 7 0
[4,4] F-1 0 7 0
[4,5] F-1 0 7 0
[4,6] F-1 0 7 0
[4,7] F-1 0 7 0
[4,8] F-1 0 7 0
[4,9] F-1 0 7 0
[4,10] F-1 0 7 0
[4,11] F-1 0 7 0
[4,12] F-1 0 7 0
[4,13] F-1 0 6 0
[4,14] F-1 0 5 0
[4,15] F-1 0 4 0
[4,16] F-1 0 3 0
[4,17] F-1 0 2 0
[4,18] F-1 0 1 0
[4,19] F-1 0 0 0

[5,0] F-1 0 6 0
[5,1] F-1 0 7 0
[5,2] F-1 0 8 0
[5,3] F-1 0 8 0
[5,4] F-1 0 8 0
[5,5] F-1 0 8 0
[5,6] F-1 0 8 0
[5,7] F-1 0 8 0
[5,8] F-1 0 8 0
[5,9] F-1 0 8 0
[5,10] F-1 0 8 0
[5,11] s-1 0 8 0
[5,12] F-1 0 7 0
[5,13] F-1 0 6 0
[5,14] F-1 0 5 0
[5,15] F-1 0 4 0
[5,16] F-1 0 3 0
[5,17] F-1 0 2 0
[5,18] F-1 0 1 0
[5,19] F-1 0 0 0

[6,0] F-1 0 6 0
[6,1] F-1 0 7 0
[6,2] F-1 0 8 0
[6,3] F-1 0 9 0
[6,4] F-1 0 9 0
[6,5] F-1 0 9 0
[6,6] S-1 27 9 0
[6,7] F-1 0 9 0
[6,8] F-1 0 9 0
[6,9] F-1 0 9 0
[6,10] F-1 0 9 0
[6,11] F-1 0 8 0
[6,12] F-1 0 7 0
[6,13] F-1 0 6 0
[6,14] F-1 0 5 0
[6,15] F-1 0 4 0
[6,16] F-1 0 3 0
[6,17] F-1 0 2 0
[6,18] F-1 0 1 0
[6,19] F-1 0 0 0

[7,0] F-1 0 6 0
[7,1] F-1 0 7 0
[7,2] F-1 0 8 0
[7,3] F-1 0 9 0
[7,4] F-1 0 10 0
[7,5] F-1 0 10 0
[7,6] a0 0 10 0
[7,7] F-1 0 10 0
[7,8] F-1 0 10 0
[7,9] a1 0 10 0
[7,10] F-1 0 9 0
[7,11] F-1 0 8 0
[7,12] a2 0 7 0
[7,13] F-1 0 6 0
[7,14] F-1 0 5 0
[7,15] F-1 0 4 0
[7,16] F-1 0 3 0
[7,17] F-1 0 2 0
[7,18] F-1 0 1 0
[7,19] F-1 0 0 0

[8,0] F-1 0 6 0
[8,1] F-1 0 7 0
[8,2] F-1 0 8 0
[8,3] s-1 0 9 0
[8,4] F-1 0 10 0
[8,5] F-1 0 11 0
[8,6] F-1 0 11 0
[8,7] F-1 0 11 0
[8,8] F-1 0 11 0
[8,9] F-1 0 10 0
[8,10] a4 0 9 0
[8,11] F-1 0 8 0
[8,12] F-1 0 7 0
[8,13] F-1 0 6 0
[8,14] a3 0 5 0
[8,15] F-1 0 4 0
[8,16] F-1 0 3 0
[8,17] F-1 0 2 0
[8,18] F-1 0 1 0
[8,19] F-1 0 0 0

[9,0] F-1 0 6 0
[9,1] F-1 0 7 0
[9,2] F-1 0 8 0
[9,3] F-1 0 9 0
[9,4] a6 0 10 0
[9,5] F-1 0 11 0
[9,6] N-1 0 12 0
[9,7] N-1 0 12 0
[9,8] F-1 0 11 0
[9,9] F-1 0 10 0
[9,10] A5 0 9 10
[9,11] S-1 5 8 0
[9,12] S-1 30 7 0
[9,13] F-1 0 6 0
[9,14] F-1 0 5 0
[9,15] F-1 0 4 0
[9,16] S-1 25 3 0
[9,17] F-1 0 2 0
[9,18] F-1 0 1 0
[9,19] F-1 0 0 0

[10,0] F-1 0 6 0
[10,1] F-1 0 7 0
[10,2] F-1 0 8 0
[10,3] F-1 0 9 0
[10,4] F-1 0 10 0
[10,5] F-1 0 11 0
[10,6] N-1 0 12 0
[10,7] N-1 0 12 0
[10,8] F-1 0 11 0
[10,9] F-1 0 10 0
[10,10] A7 0 9 10
[10,11] S-1 9 8 0
[10,12] F-1 0 7 0
[10,13] F-1 0 6 0
[10,14] F-1 0 5 0
[10,15] F-1 0 4 0
[10,16] F-1 0 3 0
[10,17] F-1 0 2 0
[10,18] F-1 0 1 0
[10,19] F-1 0 0 0

[11,0] F-1 0 6 0
[11,1] F-1 0 7 0
[11,2] s-1 0 8 0
[11,3] F-1 0 9 0
[11,4] F-1 0 10 0
[11,5] F-1 0 11 0
[11,6] F-1 0 11 0
[11,7] F-1 0 11 0
[11,8] F-1 0 11 0
[11,9] F-1 0 10 0
[11,10] F-1 0 9 0
[11,11] F-1 0 8 0
[11,12] F-1 0 7 0
[11,13] F-1 0 6 0
[11,14] a11 0 5 0
[11,15] F-1 0 4 0
[11,16] F-1 0 3 0
[11,17] F-1 0 2 0
[11,18] F-1 0 1 0
[11,19] F-1 0 0 0

[12,0] F-1 0 6 0
[12,1] F-1 0 7 0
[12,2] F-1 0 8 0
[12,3] s-1 0 9 0
[12,4] S-1 29 10 0
[12,5] A8 0 10 10
[12,6] F-1 0 10 0
[12,7] F-1 0 10 0
[12,8] A10 0 10 10
[12,9] S-1 25 10 0
[12,10] F-1 0 9 0
[12,11] F-1 0 8 0
[12,12] F-1 0 7 0
[12,13] F-1 0 6 0
[12,14] F-1 0 5 0
[12,15] F-1 0 4 0
[12,16] F-1 0 3 0
[12,17] F-1 0 2 0
[12,18] F-1 0 1 0
[12,19] F-1 0 0 0

[13,0] S-1 11 6 0
[13,1] F-1 0 7 0
[13,2] F-1 0 8 0
[13,3] F-1 0 9 0
[13,4] F-1 0 9 0
[13,5] F-1 0 9 0
[13,6] F-1 0 9 0
[13,7] F-1 0 9 0
[13,8] F-1 0 9 0
[13,9] F-1 0 9 0
[13,10] a9 0 9 0
[13,11] S-1 28 8 0
[13,12] F-1 0 7 0
[13,13] F-1 0 6 0
[13,14] F-1 0 5 0
[13,15] F-1 0 4 0
[13,16] F-1 0 3 0
[13,17] F-1 0 2 0
[13,18] F-1 0 1 0
[13,19] F-1 0 0 0

[14,0] F-1 0 6 0
[14,1] F-1 0 7 0
[14,2] F-1 0 8 0
[14,3] F-1 0 8 0
[14,4] F-1 0 8 0
[14,5] F-1 0 8 0
[14,6] F-1 0 8 0
[14,7] F-1 0 8 0
[14,8] F-1 0 8 0
[14,9] S-1 12 8 0
[14,10] S-1 22 8 0
[14,11] F-1 0 8 0
[14,12] F-1 0 7 0
[14,13] F-1 0 6 0
[14,14] F-1 0 5 0
[14,15] F-1 0 4 0
[14,16] F-1 0 3 0
[14,17] F-1 0 2 0
[14,18] F-1 0 1 0
[14,19] F-1 0 0 0

[15,0] F-1 0 6 0
[15,1] F-1 0 7 0
[15,2] F-1 0 7 0
[15,3] F-1 0 7 0
[15,4] F-1 0 7 0
[15,5] F-1 0 7 0
[15,6] F-1 0 7 0
[15,7] F-1 0 7 0
[15,8] s-1 0 7 0
[15,9] s-1 0 7 0
[15,10] F-1 0 7 0
[15,11] F-1 0 7 0
[15,12] F-1 0 7 0
[15,13] F-1 0 6 0
[15,14] F-1 0 5 0
[15,15] F-1 0 4 0
[15,16] F-1 0 3 0
[15,17] F-1 0 2 0
[15,18] F-1 0 1 0
[15,19] F-1 0 0 0

[16,0] F-1 0 6 0
[16,1] F-1 0 6 0
[16,2] F-1 0 6 0
[16,3] F-1 0 6 0
[16,4] F-1 0 6 0
[16,5] F-1 0 6 0
[16,6] F-1 0 6 0
[16,7] F-1 0 6 0
[16,8] F-1 0 6 0
[16,9] F-1 0 6 0
[16,10] F-1 0 6 0
[16,11] F-1 0 6 0
[16,12] F-1 0 6 0
[16,13] F-1 0 6 0
[16,14] F-1 0 5 0
[16,15] F-1 0 4 0
[16,16] s-1 0 3 0
[16,17] F-1 0 2 0
[16,18] F-1 0 1 0
[16,19] S-1 14 0 0

[17,0] F-1 0 5 0
[17,1] F-1 0 5 0
[17,2] F-1 0 5 0
[17,3] F-1 0 5 0
[17,4] F-1 0 5 0
[17,5] s-1 0 5 0
[17,6] F-1 0 5 0
[17,7] F-1 0 5 0
[17,8] F-1 0 5 0
[17,9] F-1 0 5 0
[17,10] F-1 0 5 0
[17,11] F-1 0 5 0
[17,12] F-1 0 5 0
[17,13] F-1 0 5 0
[17,14] F-1 0 5 0
[17,15] F-1 0 4 0
[17,16] F-1 0 3 0
[17,17] F-1 0 2 0
[17,18] F-1 0 1 0
[17,19] F-1 0 0 0

[18,0] F-1 0 4 0
[18,1] F-1 0 4 0
[18,2] F-1 0 4 0
[18,3] F-1 0 4 0
[18,4] F-1 0 4 0
[18,5] F-1 0 4 0
[18,6] F-1 0 4 0
[18,7] F-1 0 4 0
[18,8] F-1 0 4 0
[18,9] F-1 0 4 0
[18,10] S-1 13 4 0
[18,11] F-1 0 4 0
[18,12] F-1 0 4 0
[18,13] F-1 0 4 0
[18,14] F-1 0 4 0
[18,15] F-1 0 4 0
[18,16] F-1 0 3 0
[18,17] F-1 0 2 0
[18,18] F-1 0 1 0
[18,19] F-1 0 0 0

[19,0] F-1 0 3 0
[19,1] F-1 0 3 0
[19,2] F-1 0 3 0
[19,3] F-1 0 3 0
[19,4] F-1 0 3 0
[19,5] F-1 0 3 0
[19,6] F-1 0 3 0
[19,7] F-1 0 3 0
[19,8] F-1 0 3 0
[19,9] F-1 0 3 0
[19,10] F-1 0 3 0
[19,11] F-1 0 3 0
[19,12] F-1 0 3 0
[19,13] F-1 0 3 0
[19,14] F-1 0 3 0
[19,15] F-1 0 3 0
[19,16] F-1 0 3 0
[19,17] F-1 0 2 0
[19,18] F-1 0 1 0
[19,19] F-1 0 0 0



[0,0] F-1 0 3 0
[0,1] F-1 0 3 0
[0,2] F-1 0 3 0
[0,3] F-1 0 3 0
[0,4] F-1 0 3 0
[0,5] F-1 0 3 0
[0,6] F-1 0 3 0
[0,7] F-1 0 3 0
[0,8] F-1 0 3 0
[0,9] F-1 0 3 0
[0,10] F-1 0 3 0
[0,11] F-1 0 3 0
[0,12] F-1 0 3 0
[0,13] F-1 0 3 0
[0,14] F-1 0 3 0
[0,15] F-1 0 3 0
[0,16] F-1 0 3 0
[0,17] F-1 0 2 0
[0,18] S-1 7 1 0
[0,19] F-1 0 0 0

[1,0] F-1 0 4 0
[1,1] s-1 0 4 0
[1,2] F-1 0 4 0
[1,3] F-1 0 4 0
[1,4] F-1 0 4 0
[1,5] F-1 0 4 0
[1,6] F-1 0 4 0
[1,7] F-1 0 4 0
[1,8] F-1 0 4 0
[1,9] F-1 0 4 0
[1,10] F-1 0 4 0
[1,11] F-1 0 4 0
[1,12] F-1 0 4 0
[1,13] F-1 0 4 0
[1,14] F-1 0 4 0
[1,15] F-1 0 4 0
[1,16] F-1 0 3 0
[1,17] F-1 0 2 0
[1,18] F-1 0 1 0
[1,19] F-1 0 0 0

[2,0] F-1 0 5 0
[2,1] F-1 0 5 0
[2,2] F-1 0 5 0
[2,3] F-1 0 5 0
[2,4] F-1 0 5 0
[2,5] F-1 0 5 0
[2,6] F-1 0 5 0
[2,7] F-1 0 5 0
[2,8] F-1 0 5 0
[2,9] F-1 0 5 0
[2,10] F-1 0 5 0
[2,11] F-1 0 5 0
[2,12] F-1 0 5 0
[2,13] F-1 0 5 0
[2,14] F-1 0 5 0
[2,15] F-1 0 4 0
[2,16] F-1 0 3 0
[2,17] F-1 0 2 0
[2,18] F-1 0 1 0
[2,19] F-1 0 0 0

[3,0] F-1 0 6 0
[3,1] F-1 0 6 0
[3,2] F-1 0 6 0
[3,3] S-1 10 6 0
[3,4] F-1 0 6 0
[3,5] F-1 0 6 0
[3,6] F-1 0 6 0
[3,7] F-1 0 6 0
[3,8] F-1 0 6 0
[3,9] F-1 0 6 0
[3,10] s-1 0 6 0
[3,11] F-1 0 6 0
[3,12] F-1 0 6 0
[3,13] F-1 0 6 0
[3,14] F-1 0 5 0
[3,15] F-1 0 4 0
[3,16] F-1 0 3 0
[3,17] F-1 0 2 0
[3,18] F-1 0 1 0
[3,19] F-1 0 0 0

[4,0] F-1 0 6 0
[4,1] F-1 0 7 0
[4,2] F-1 0 7 0
[4,3] F-1 0 7 0
[4,4] F-1 0 7 0
[4,5] F-1 0 7 0
[4,6] F-1 0 7 0
[4,7] F-1 0 7 0
[4,8] F-1 0 7 0
[4,9] F-1 0 7 0
[4,10] F-1 0 7 0
[4,11] F-1 0 7 0
[4,12] F-1 0 7 0
[4,13] F-1 0 6 0
[4,14] F-1 0 5 0
[4,15] F-1 0 4 0
[4,16] F-1 0 3 0
[4,17] F-1 0 2 0
[4,18] F-1 0 1 0
[4,19] F-1 0 0 0

[5,0] F-1 0 6 0
[5,1] F-1 0 7 0
[5,2] F-1 0 8 0
[5,3] F-1 0 8 0
[5,4] F-1 0 8 0
[5,5] F-1 0 8 0
[5,6] F-1 0 8 0
[5,7] F-1 0 8 0
[5,8] F-1 0 8 0
[5,9] F-1 0 8 0
[5,10] F-1 0 8 0
[5,11] s-1 0 8 0
[5,12] F-1 0 7 0
[5,13] F-1 0 6 0
[5,14] F-1 0 5 0
[5,15] F-1 0 4 0
[5,16] F-1 0 3 0
[5,17] F-1 0 2 0
[5,18] F-1 0 1 0
[5,19] F-1 0 0 0

[6,0] F-1 0 6 0
[6,1] F-1 0 7 0
[6,2] F-1 0 8 0
[6,3] F-1 0 9 0
[6,4] F-1 0 9 0
[6,5] F-1 0 9 0
[6,6] S-1 27 9 0
[6,7] F-1 0 9 0
[6,8] F-1 0 9 0
[6,9] F-1 0 9 0
[6,10] F-1 0 9 0
[6,11] F-1 0 8 0
[6,12] F-1 0 7 0
[6,13] F-1 0 6 0
[6,14] F-1 0 5 0
[6,15] F-1 0 4 0
[6,16] F-1 0 3 0
[6,17] F-1 0 2 0
[6,18] F-1 0 1 0
[6,19] F-1 0 0 0

[7,0] F-1 0 6 0
[7,1] F-1 0 7 0
[7,2] F-1 0 8 0
[7,3] F-1 0 9 0
[7,4] F-1 0 10 0
[7,5] F-1 0 10 0
[7,6] F-1 0 10 0
[7,7] a0 0 10 0
[7,8] F-1 0 10 0
[7,9] F-1 0 10 0
[7,10] a1 0 9 0
[7,11] F-1 0 8 0
[7,12] F-1 0 7 0
[7,13] a2 0 6 0
[7,14] F-1 0 5 0
[7,15] F-1 0 4 0
[7,16] F-1 0 3 0
[7,17] F-1 0 2 0
[7,18] F-1 0 1 0
[7,19] F-1 0 0 0

[8,0] F-1 0 6 0
[8,1] F-1 0 7 0
[8,2] F-1 0 8 0
[8,3] s-1 0 9 0
[8,4] F-1 0 10 0
[8,5] F-1 0 11 0
[8,6] F-1 0 11 0
[8,7] F-1 0 11 0
[8,8] F-1 0 11 0
[8,9] F-1 0 10 0
[8,10] F-1 0 9 0
[8,11] a4 0 8 0
[8,12] F-1 0 7 0
[8,13] F-1 0 6 0
[8,14] F-1 0 5 0
[8,15] a3 0 4 0
[8,16] F-1 0 3 0
[8,17] F-1 0 2 0
[8,18] F-1 0 1 0
[8,19] F-1 0 0 0

[9,0] F-1 0 6 0
[9,1] F-1 0 7 0
[9,2] F-1 0 8 0
[9,3] F-1 0 9 0
[9,4] F-1 0 10 0
[9,5] a6 0 11 0
[9,6] N-1 0 12 0
[9,7] N-1 0 12 0
[9,8] F-1 0 11 0
[9,9] F-1 0 10 0
[9,10] A5 0 9 10
[9,11] S-1 5 8 0
[9,12] S-1 30 7 0
[9,13] F-1 0 6 0
[9,14] F-1 0 5 0
[9,15] F-1 0 4 0
[9,16] S-1 25 3 0
[9,17] F-1 0 2 0
[9,18] F-1 0 1 0
[9,19] F-1 0 0 0

[10,0] F-1 0 6 0
[10,1] F-1 0 7 0
[10,2] F-1 0 8 0
[10,3] F-1 0 9 0
[10,4] F-1 0 10 0
[10,5] F-1 0 11 0
[10,6] N-1 0 12 0
[10,7] N-1 0 12 0
[10,8] F-1 0 11 0
[10,9] F-1 0 10 0
[10,10] A7 0 9 10
[10,11] S-1 9 8 0
[10,12] F-1 0 7 0
[10,13] F-1 0 6 0
[10,14] F-1 0 5 0
[10,15] F-1 0 4 0
[10,16] F-1 0 3 0
[10,17] F-1 0 2 0
[10,18] F-1 0 1 0
[10,19] F-1 0 0 0

[11,0] F-1 0 6 0
[11,1] F-1 0 7 0
[11,2] s-1 0 8 0
[11,3] F-1 0 9 0
[11,4] F-1 0 10 0
[11,5] F-1 0 11 0
[11,6] F-1 0 11 0
[11,7] F-1 0 11 0
[11,8] F-1 0 11 0
[11,9] F-1 0 10 0
[11,10] F-1 0 9 0
[11,11] F-1 0 8 0
[11,12] F-1 0 7 0
[11,13] F-1 0 6 0
[11,14] F-1 0 5 0
[11,15] a11 0 4 0
[11,16] F-1 0 3 0
[11,17] F-1 0 2 0
[11,18] F-1 0 1 0
[11,19] F-1 0 0 0

[12,0] F-1 0 6 0
[12,1] F-1 0 7 0
[12,2] F-1 0 8 0
[12,3] s-1 0 9 0
[12,4] S-1 29 10 0
[12,5] A8 0 10 10
[12,6] F-1 0 10 0
[12,7] F-1 0 10 0
[12,8] A10 0 10 10
[12,9] S-1 25 10 0
[12,10] F-1 0 9 0
[12,11] F-1 0 8 0
[12,12] F-1 0 7 0
[12,13] F-1 0 6 0
[12,14] F-1 0 5 0
[12,15] F-1 0 4 0
[12,16] F-1 0 3 0
[12,17] F-1 0 2 0
[12,18] F-1 0 1 0
[12,19] F-1 0 0 0

[13,0] S-1 11 6 0
[13,1] F-1 0 7 0
[13,2] F-1 0 8 0
[13,3] F-1 0 9 0
[13,4] F-1 0 9 0
[13,5] F-1 0 9 0
[13,6] F-1 0 9 0
[13,7] F-1 0 9 0
[13,8] F-1 0 9 0
[13,9] F-1 0 9 0
[13,10] A9 0 9 10
[13,11] S-1 27 8 0
[13,12] F-1 0 7 0
[13,13] F-1 0 6 0
[13,14] F-1 0 5 0
[13,15] F-1 0 4 0
[13,16] F-1 0 3 0
[13,17] F-1 0 2 0
[13,18] F-1 0 1 0
[13,19] F-1 0 0 0

[14,0] F-1 0 6 0
[14,1] F-1 0 7 0
[14,2] F-1 0 8 0
[14,3] F-1 0 8 0
[14,4] F-1 0 8 0
[14,5] F-1 0 8 0
[14,6] F-1 0 8 0
[14,7] F-1 0 8 0
[14,8] F-1 0 8 0
[14,9] S-1 12 8 0
[14,10] S-1 22 8 0
[14,11] F-1 0 8 0
[14,12] F-1 0 7 0
[14,13] F-1 0 6 0
[14,14] F-1 0 5 0
[14,15] F-1 0 4 0
[14,16] F-1 0 3 0
[14,17] F-1 0 2 0
[14,18] F-1 0 1 0
[14,19] F-1 0 0 0

[15,0] F-1 0 6 0
[15,1] F-1 0 7 0
[15,2] F-1 0 7 0
[15,3] F-1 0 7 0
[15,4] F-1 0 7 0
[15,5] F-1 0 7 0
[15,6] F-1 0 7 0
[15,7] F-1 0 7 0
[15,8] s-1 0 7 0
[15,9] s-1 0 7 0
[15,10] F-1 0 7 0
[15,11] F-1 0 7 0
[15,12] F-1 0 7 0
[15,13] F-1 0 6 0
[15,14] F-1 0 5 0
[15,15] F-1 0 4 0
[15,16] F-1 0 3 0
[15,17] F-1 0 2 0
[15,18] F-1 0 1 0
[15,19] F-1 0 0 0

[16,0] F-1 0 6 0
[16,1] F-1 0 6 0
[16,2] F-1 0 6 0
[16,3] F-1 0 6 0
[16,4] F-1 0 6 0
[16,5] F-1 0 6 0
[16,6] F-1 0 6 0
[16,7] F-1 0 6 0
[16,8] F-1 0 6 0
[16,9] F-1 0 6 0
[16,10] F-1 0 6 0
[16,11] F-1 0 6 0
[16,12] F-1 0 6 0
[16,13] F-1 0 6 0
[16,14] F-1 0 5 0
[16,15] F-1 0 4 0
[16,16] s-1 0 3 0
[16,17] F-1 0 2 0
[16,18] F-1 0 1 0
[16,19] S-1 14 0 0

[17,0] F-1 0 5 0
[17,1] F-1 0 5 0
[17,2] F-1 0 5 0
[17,3] F-1 0 5 0
[17,4] F-1 0 5 0
[17,5] s-1 0 5 0
[17,6] F-1 0 5 0
[17,7] F-1 0 5 0
[17,8] F-1 0 5 0
[17,9] F-1 0 5 0
[17,10] F-1 0 5 0
[17,11] F-1 0 5 0
[17,12] F-1 0 5 0
[17,13] F-1 0 5 0
[17,14] F-1 0 5 0
[17,15] F-1 0 4 0
[17,16] F-1 0 3 0
[17,17] F-1 0 2 0
[17,18] F-1 0 1 0
[17,19] F-1 0 0 0

[18,0] F-1 0 4 0
[18,1] F-1 0 4 0
[18,2] F-1 0 4 0
[18,3] F-1 0 4 0
[18,4] F-1 0 4 0
[18,5] F-1 0 4 0
[18,6] F-1 0 4 0
[18,7] F-1 0 4 0
[18,8] F-1 0 4 0
[18,9] F-1 0 4 0
[18,10] S-1 13 4 0
[18,11] F-1 0 4 0
[18,12] F-1 0 4 0
[18,13] F-1 0 4 0
[18,14] F-1 0 4 0
[18,15] F-1 0 4 0
[18,16] F-1 0 3 0
[18,17] F-1 0 2 0
[18,18] F-1 0 1 0
[18,19] F-1 0 0 0

[19,0] F-1 0 3 0
[19,1] F-1 0 3 0
[19,2] F-1 0 3 0
[19,3] F-1 0 3 0
[19,4] F-1 0 3 0
[19,5] F-1 0 3 0
[19,6] F-1 0 3 0
[19,7] F-1 0 3 0
[19,8] F-1 0 3 0
[19,9] F-1 0 3 0
[19,10] F-1 0 3 0
[19,11] F-1 0 3 0
[19,12] F-1 0 3 0
[19,13] F-1 0 3 0
[19,14] F-1 0 3 0
[19,15] F-1 0 3 0
[19,16] F-1 0 3 0
[19,17] F-1 0 2 0
[19,18] F-1 0 1 0
[19,19] F-1 0 0 0



[0,0] F-1 0 3 0
[0,1] F-1 0 3 0
[0,2] F-1 0 3 0
[0,3] F-1 0 3 0
[0,4] F-1 0 3 0
[0,5] F-1 0 3 0
[0,6] F-1 0 3 0
[0,7] F-1 0 3 0
[0,8] F-1 0 3 0
[0,9] F-1 0 3 0
[0,10] F-1 0 3 0
[0,11] F-1 0 3 0
[0,12] F-1 0 3 0
[0,13] F-1 0 3 0
[0,14] F-1 0 3 0
[0,15] F-1 0 3 0
[0,16] F-1 0 3 0
[0,17] F-1 0 2 0
[0,18] S-1 7 1 0
[0,19] F-1 0 0 0

[1,0] F-1 0 4 0
[1,1] s-1 0 4 0
[1,2] F-1 0 4 0
[1,3] F-1 0 4 0
[1,4] F-1 0 4 0
[1,5] F-1 0 4 0
[1,6] F-1 0 4 0
[1,7] F-1 0 4 0
[1,8] F-1 0 4 0
[1,9] F-1 0 4 0
[1,10] F-1 0 4 0
[1,11] F-1 0 4 0
[1,12] F-1 0 4 0
[1,13] F-1 0 4 0
[1,14] F-1 0 4 0
[1,15] F-1 0 4 0
[1,16] F-1 0 3 0
[1,17] F-1 0 2 0
[1,18] F-1 0 1 0
[1,19] F-1 0 0 0

[2,0] F-1 0 5 0
[2,1] F-1 0 5 0
[2,2] F-1 0 5 0
[2,3] F-1 0 5 0
[2,4] F-1 0 5 0
[2,5] F-1 0 5 0
[2,6] F-1 0 5 0
[2,7] F-1 0 5 0
[2,8] F-1 0 5 0
[2,9] F-1 0 5 0
[2,10] F-1 0 5 0
[2,11] F-1 0 5 0
[2,12] F-1 0 5 0
[2,13] F-1 0 5 0
[2,14] F-1 0 5 0
[2,15] F-1 0 4 0
[2,16] F-1 0 3 0
[2,17] F-1 0 2 0
[2,18] F-1 0 1 0
[2,19] F-1 0 0 0

[3,0] F-1 0 6 0
[3,1] F-1 0 6 0
[3,2] F-1 0 6 0
[3,3] S-1 10 6 0
[3,4] F-1 0 6 0
[3,5] F-1 0 6 0
[3,6] F-1 0 6 0
[3,7] F-1 0 6 0
[3,8] F-1 0 6 0
[3,9] F-1 0 6 0
[3,10] s-1 0 6 0
[3,11] F-1 0 6 0
[3,12] F-1 0 6 0
[3,13] F-1 0 6 0
[3,14] F-1 0 5 0
[3,15] F-1 0 4 0
[3,16] F-1 0 3 0
[3,17] F-1 0 2 0
[3,18] F-1 0 1 0
[3,19] F-1 0 0 0

[4,0] F-1 0 6 0
[4,1] F-1 0 7 0
[4,2] F-1 0 7 0
[4,3] F-1 0 7 0
[4,4] F-1 0 7 0
[4,5] F-1 0 7 0
[4,6] F-1 0 7 0
[4,7] F-1 0 7 0
[4,8] F-1 0 7 0
[4,9] F-1 0 7 0
[4,10] F-1 0 7 0
[4,11] F-1 0 7 0
[4,12] F-1 0 7 0
[4,13] F-1 0 6 0
[4,14] F-1 0 5 0
[4,15] F-1 0 4 0
[4,16] F-1 0 3 0
[4,17] F-1 0 2 0
[4,18] F-1 0 1 0
[4,19] F-1 0 0 0

[5,0] F-1 0 6 0
[5,1] F-1 0 7 0
[5,2] F-1 0 8 0
[5,3] F-1 0 8 0
[5,4] F-1 0 8 0
[5,5] F-1 0 8 0
[5,6] F-1 0 8 0
[5,7] F-1 0 8 0
[5,8] F-1 0 8 0
[5,9] F-1 0 8 0
[5,10] F-1 0 8 0
[5,11] s-1 0 8 0
[5,12] F-1 0 7 0
[5,13] F-1 0 6 0
[5,14] F-1 0 5 0
[5,15] F-1 0 4 0
[5,16] F-1 0 3 0
[5,17] F-1 0 2 0
[5,18] F-1 0 1 0
[5,19] F-1 0 0 0

[6,0] F-1 0 6 0
[6,1] F-1 0 7 0
[6,2] F-1 0 8 0
[6,3] F-1 0 9 0
[6,4] F-1 0 9 0
[6,5] F-1 0 9 0
[6,6] S-1 27 9 0
[6,7] F-1 0 9 0
[6,8] F-1 0 9 0
[6,9] F-1 0 9 0
[6,10] F-1 0 9 0
[6,11] F-1 0 8 0
[6,12] F-1 0 7 0
[6,13] F-1 0 6 0
[6,14] F-1 0 5 0
[6,15] F-1 0 4 0
[6,16] F-1 0 3 0
[6,17] F-1 0 2 0
[6,18] F-1 0 1 0
[6,19] F-1 0 0 0

[7,0] F-1 0 6 0
[7,1] F-1 0 7 0
[7,2] F-1 0 8 0
[7,3] F-1 0 9 0
[7,4] F-1 0 10 0
[7,5] F-1 0 10 0
[7,6] F-1 0 10 0
[7,7] F-1 0 10 0
[7,8] a0 0 10 0
[7,9] F-1 0 10 0
[7,10] F-1 0 9 0
[7,11] a1 0 8 0
[7,12] F-1 0 7 0
[7,13] F-1 0 6 0
[7,14] a2 0 5 0
[7,15] F-1 0 4 0
[7,16] F-1 0 3 0
[7,17] F-1 0 2 0
[7,18] F-1 0 1 0
[7,19] F-1 0 0 0

[8,0] F-1 0 6 0
[8,1] F-1 0 7 0
[8,2] F-1 0 8 0
[8,3] s-1 0 9 0
[8,4] F-1 0 10 0
[8,5] F-1 0 11 0
[8,6] F-1 0 11 0
[8,7] F-1 0 11 0
[8,8] F-1 0 11 0
[8,9] F-1 0 10 0
[8,10] F-1 0 9 0
[8,11] F-1 0 8 0
[8,12] a4 0 7 0
[8,13] F-1 0 6 0
[8,14] F-1 0 5 0
[8,15] F-1 0 4 0
[8,16] a3 0 3 0
[8,17] F-1 0 2 0
[8,18] F-1 0 1 0
[8,19] F-1 0 0 0

[9,0] F-1 0 6 0
[9,1] F-1 0 7 0
[9,2] F-1 0 8 0
[9,3] F-1 0 9 0
[9,4] a6 0 10 0
[9,5] F-1 0 11 0
[9,6] N-1 0 12 0
[9,7] N-1 0 12 0
[9,8] F-1 0 11 0
[9,9] F-1 0 10 0
[9,10] A5 0 9 10
[9,11] S-1 5 8 0
[9,12] S-1 30 7 0
[9,13] F-1 0 6 0
[9,14] F-1 0 5 0
[9,15] F-1 0 4 0
[9,16] S-1 25 3 0
[9,17] F-1 0 2 0
[9,18] F-1 0 1 0
[9,19] F-1 0 0 0

[10,0] F-1 0 6 0
[10,1] F-1 0 7 0
[10,2] F-1 0 8 0
[10,3] F-1 0 9 0
[10,4] F-1 0 10 0
[10,5] F-1 0 11 0
[10,6] N-1 0 12 0
[10,7] N-1 0 12 0
[10,8] F-1 0 11 0
[10,9] F-1 0 10 0
[10,10] A7 0 9 10
[10,11] S-1 9 8 0
[10,12] F-1 0 7 0
[10,13] F-1 0 6 0
[10,14] F-1 0 5 0
[10,15] F-1 0 4 0
[10,16] F-1 0 3 0
[10,17] F-1 0 2 0
[10,18] F-1 0 1 0
[10,19] F-1 0 0 0

[11,0] F-1 0 6 0
[11,1] F-1 0 7 0
[11,2] s-1 0 8 0
[11,3] F-1 0 9 0
[11,4] F-1 0 10 0
[11,5] F-1 0 11 0
[11,6] F-1 0 11 0
[11,7] F-1 0 11 0
[11,8] F-1 0 11 0
[11,9] F-1 0 10 0
[11,10] F-1 0 9 0
[11,11] F-1 0 8 0
[11,12] F-1 0 7 0
[11,13] F-1 0 6 0
[11,14] F-1 0 5 0
[11,15] F-1 0 4 0
[11,16] a11 0 3 0
[11,17] F-1 0 2 0
[11,18] F-1 0 1 0
[11,19] F-1 0 0 0

[12,0] F-1 0 6 0
[12,1] F-1 0 7 0
[12,2] F-1 0 8 0
[12,3] s-1 0 9 0
[12,4] S-1 29 10 0
[12,5] A8 0 10 10
[12,6] F-1 0 10 0
[12,7] F-1 0 10 0
[12,8] A10 0 10 10
[12,9] S-1 25 10 0
[12,10] F-1 0 9 0
[12,11] F-1 0 8 0
[12,12] F-1 0 7 0
[12,13] F-1 0 6 0
[12,14] F-1 0 5 0
[12,15] F-1 0 4 0
[12,16] F-1 0 3 0
[12,17] F-1 0 2 0
[12,18] F-1 0 1 0
[12,19] F-1 0 0 0

[13,0] S-1 11 6 0
[13,1] F-1 0 7 0
[13,2] F-1 0 8 0
[13,3] F-1 0 9 0
[13,4] F-1 0 9 0
[13,5] F-1 0 9 0
[13,6] F-1 0 9 0
[13,7] F-1 0 9 0
[13,8] F-1 0 9 0
[13,9] F-1 0 9 0
[13,10] A9 0 9 10
[13,11] S-1 27 8 0
[13,12] F-1 0 7 0
[13,13] F-1 0 6 0
[13,14] F-1 0 5 0
[13,15] F-1 0 4 0
[13,16] F-1 0 3 0
[13,17] F-1 0 2 0
[13,18] F-1 0 1 0
[13,19] F-1 0 0 0

[14,0] F-1 0 6 0
[14,1] F-1 0 7 0
[14,2] F-1 0 8 0
[14,3] F-1 0 8 0
[14,4] F-1 0 8 0
[14,5] F-1 0 8 0
[14,6] F-1 0 8 0
[14,7] F-1 0 8 0
[14,8] F-1 0 8 0
[14,9] S-1 12 8 0
[14,10] S-1 22 8 0
[14,11] F-1 0 8 0
[14,12] F-1 0 7 0
[14,13] F-1 0 6 0
[14,14] F-1 0 5 0
[14,15] F-1 0 4 0
[14,16] F-1 0 3 0
[14,17] F-1 0 2 0
[14,18] F-1 0 1 0
[14,19] F-1 0 0 0

[15,0] F-1 0 6 0
[15,1] F-1 0 7 0
[15,2] F-1 0 7 0
[15,3] F-1 0 7 0
[15,4] F-1 0 7 0
[15,5] F-1 0 7 0
[15,6] F-1 0 7 0
[15,7] F-1 0 7 0
[15,8] s-1 0 7 0
[15,9] s-1 0 7 0
[15,10] F-1 0 7 0
[15,11] F-1 0 7 0
[15,12] F-1 0 7 0
[15,13] F-1 0 6 0
[15,14] F-1 0 5 0
[15,15] F-1 0 4 0
[15,16] F-1 0 3 0
[15,17] F-1 0 2 0
[15,18] F-1 0 1 0
[15,19] F-1 0 0 0

[16,0] F-1 0 6 0
[16,1] F-1 0 6 0
[16,2] F-1 0 6 0
[16,3] F-1 0 6 0
[16,4] F-1 0 6 0
[16,5] F-1 0 6 0
[16,6] F-1 0 6 0
[16,7] F-1 0 6 0
[16,8] F-1 0 6 0
[16,9] F-1 0 6 0
[16,10] F-1 0 6 0
[16,11] F-1 0 6 0
[16,12] F-1 0 6 0
[16,13] F-1 0 6 0
[16,14] F-1 0 5 0
[16,15] F-1 0 4 0
[16,16] s-1 0 3 0
[16,17] F-1 0 2 0
[16,18] F-1 0 1 0
[16,19] S-1 14 0 0

[17,0] F-1 0 5 0
[17,1] F-1 0 5 0
[17,2] F-1 0 5 0
[17,3] F-1 0 5 0
[17,4] F-1 0 5 0
[17,5] s-1 0 5 0
[17,6] F-1 0 5 0
[17,7] F-1 0 5 0
[17,8] F-1 0 5 0
[17,9] F-1 0 5 0
[17,10] F-1 0 5 0
[17,11] F-1 0 5 0
[17,12] F-1 0 5 0
[17,13] F-1 0 5 0
[17,14] F-1 0 5 0
[17,15] F-1 0 4 0
[17,16] F-1 0 3 0
[17,17] F-1 0 2 0
[17,18] F-1 0 1 0
[17,19] F-1 0 0 0

[18,0] F-1 0 4 0
[18,1] F-1 0 4 0
[18,2] F-1 0 4 0
[18,3] F-1 0 4 0
[18,4] F-1 0 4 0
[18,5] F-1 0 4 0
[18,6] F-1 0 4 0
[18,7] F-1 0 4 0
[18,8] F-1 0 4 0
[18,9] F-1 0 4 0
[18,10] S-1 13 4 0
[18,11] F-1 0 4 0
[18,12] F-1 0 4 0
[18,13] F-1 0 4 0
[18,14] F-1 0 4 0
[18,15] F-1 0 4 0
[18,16] F-1 0 3 0
[18,17] F-1 0 2 0
[18,18] F-1 0 1 0
[18,19] F-1 0 0 0

[19,0] F-1 0 3 0
[19,1] F-1 0 3 0
[19,2] F-1 0 3 0
[19,3] F-1 0 3 0
[19,4] F-1 0 3 0
[19,5] F-1 0 3 0
[19,6] F-1 0 3 0
[19,7] F-1 0 3 0
[19,8] F-1 0 3 0
[19,9] F-1 0 3 0
[19,10] F-1 0 3 0
[19,11] F-1 0 3 0
[19,12] F-1 0 3 0
[19,13] F-1 0 3 0
[19,14] F-1 0 3 0
[19,15] F-1 0 3 0
[19,16] F-1 0 3 0
[19,17] F-1 0 2 0
[19,18] F-1 0 1 0
[19,19] F-1 0 0 0



[0,0] F-1 0 3 0
[0,1] F-1 0 3 0
[0,2] F-1 0 3 0
[0,3] F-1 0 3 0
[0,4] F-1 0 3 0
[0,5] F-1 0 3 0
[0,6] F-1 0 3 0
[0,7] F-1 0 3 0
[0,8] F-1 0 3 0
[0,9] F-1 0 3 0
[0,10] F-1 0 3 0
[0,11] F-1 0 3 0
[0,12] F-1 0 3 0
[0,13] F-1 0 3 0
[0,14] F-1 0 3 0
[0,15] F-1 0 3 0
[0,16] F-1 0 3 0
[0,17] F-1 0 2 0
[0,18] S-1 7 1 0
[0,19] F-1 0 0 0

[1,0] F-1 0 4 0
[1,1] s-1 0 4 0
[1,2] F-1 0 4 0
[1,3] F-1 0 4 0
[1,4] F-1 0 4 0
[1,5] F-1 0 4 0
[1,6] F-1 0 4 0
[1,7] F-1 0 4 0
[1,8] F-1 0 4 0
[1,9] F-1 0 4 0
[1,10] F-1 0 4 0
[1,11] F-1 0 4 0
[1,12] F-1 0 4 0
[1,13] F-1 0 4 0
[1,14] F-1 0 4 0
[1,15] F-1 0 4 0
[1,16] F-1 0 3 0
[1,17] F-1 0 2 0
[1,18] F-1 0 1 0
[1,19] F-1 0 0 0

[2,0] F-1 0 5 0
[2,1] F-1 0 5 0
[2,2] F-1 0 5 0
[2,3] F-1 0 5 0
[2,4] F-1 0 5 0
[2,5] F-1 0 5 0
[2,6] F-1 0 5 0
[2,7] F-1 0 5 0
[2,8] F-1 0 5 0
[2,9] F-1 0 5 0
[2,10] F-1 0 5 0
[2,11] F-1 0 5 0
[2,12] F-1 0 5 0
[2,13] F-1 0 5 0
[2,14] F-1 0 5 0
[2,15] F-1 0 4 0
[2,16] F-1 0 3 0
[2,17] F-1 0 2 0
[2,18] F-1 0 1 0
[2,19] F-1 0 0 0

[3,0] F-1 0 6 0
[3,1] F-1 0 6 0
[3,2] F-1 0 6 0
[3,3] S-1 10 6 0
[3,4] F-1 0 6 0
[3,5] F-1 0 6 0
[3,6] F-1 0 6 0
[3,7] F-1 0 6 0
[3,8] F-1 0 6 0
[3,9] F-1 0 6 0
[3,10] s-1 0 6 0
[3,11] F-1 0 6 0
[3,12] F-1 0 6 0
[3,13] F-1 0 6 0
[3,14] F-1 0 5 0
[3,15] F-1 0 4 0
[3,16] F-1 0 3 0
[3,17] F-1 0 2 0
[3,18] F-1 0 1 0
[3,19] F-1 0 0 0

[4,0] F-1 0 6 0
[4,1] F-1 0 7 0
[4,2] F-1 0 7 0
[4,3] F-1 0 7 0
[4,4] F-1 0 7 0
[4,5] F-1 0 7 0
[4,6] F-1 0 7 0
[4,7] F-1 0 7 0
[4,8] F-1 0 7 0
[4,9] F-1 0 7 0
[4,10] F-1 0 7 0
[4,11] F-1 0 7 0
[4,12] F-1 0 7 0
[4,13] F-1 0 6 0
[4,14] F-1 0 5 0
[4,15] F-1 0 4 0
[4,16] F-1 0 3 0
[4,17] F-1 0 2 0
[4,18] F-1 0 1 0
[4,19] F-1 0 0 0

[5,0] F-1 0 6 0
[5,1] F-1 0 7 0
[5,2] F-1 0 8 0
[5,3] F-1 0 8 0
[5,4] F-1 0 8 0
[5,5] F-1 0 8 0
[5,6] F-1 0 8 0
[5,7] F-1 0 8 0
[5,8] F-1 0 8 0
[5,9] F-1 0 8 0
[5,10] F-1 0 8 0
[5,11] s-1 0 8 0
[5,12] F-1 0 7 0
[5,13] F-1 0 6 0
[5,14] F-1 0 5 0
[5,15] F-1 0 4 0
[5,16] F-1 0 3 0
[5,17] F-1 0 2 0
[5,18] F-1 0 1 0
[5,19] F-1 0 0 0

[6,0] F-1 0 6 0
[6,1] F-1 0 7 0
[6,2] F-1 0 8 0
[6,3] F-1 0 9 0
[6,4] F-1 0 9 0
[6,5] F-1 0 9 0
[6,6] S-1 27 9 0
[6,7] F-1 0 9 0
[6,8] F-1 0 9 0
[6,9] F-1 0 9 0
[6,10] F-1 0 9 0
[6,11] F-1 0 8 0
[6,12] F-1 0 7 0
[6,13] F-1 0 6 0
[6,14] F-1 0 5 0
[6,15] F-1 0 4 0
[6,16] F-1 0 3 0
[6,17] F-1 0 2 0
[6,18] F-1 0 1 0
[6,19] F-1 0 0 0

[7,0] F-1 0 6 0
[7,1] F-1 0 7 0
[7,2] F-1 0 8 0
[7,3] F-1 0 9 0
[7,4] F-1 0 10 0
[7,5] F-1 0 10 0
[7,6] F-1 0 10 0
[7,7] F-1 0 10 0
[7,8] F-1 0 10 0
[7,9] a0 0 10 0
[7,10] F-1 0 9 0
[7,11] F-1 0 8 0
[7,12] a1 0 7 0
[7,13] F-1 0 6 0
[7,14] F-1 0 5 0
[7,15] a2 0 4 0
[7,16] F-1 0 3 0
[7,17] F-1 0 2 0
[7,18] F-1 0 1 0
[7,19] F-1 0 0 0

[8,0] F-1 0 6 0
[8,1] F-1 0 7 0
[8,2] F-1 0 8 0
[8,3] s-1 0 9 0
[8,4] F-1 0 10 0
[8,5] F-1 0 11 0
[8,6] F-1 0 11 0
[8,7] F-1 0 11 0
[8,8] F-1 0 11 0
[8,9] F-1 0 10 0
[8,10] F-1 0 9 0
[8,11] F-1 0 8 0
[8,12] F-1 0 7 0
[8,13] a4 0 6 0
[8,14] F-1 0 5 0
[8,15] F-1 0 4 0
[8,16] F-1 0 3 0
[8,17] a3 0 2 0
[8,18] F-1 0 1 0
[8,19] F-1 0 0 0

[9,0] F-1 0 6 0
[9,1] F-1 0 7 0
[9,2] F-1 0 8 0
[9,3] F-1 0 9 0
[9,4] F-1 0 10 0
[9,5] a6 0 11 0
[9,6] N-1 0 12 0
[9,7] N-1 0 12 0
[9,8] F-1 0 11 0
[9,9] F-1 0 10 0
[9,10] A5 0 9 10
[9,11] S-1 5 8 0
[9,12] S-1 30 7 0
[9,13] F-1 0 6 0
[9,14] F-1 0 5 0
[9,15] F-1 0 4 0
[9,16] S-1 25 3 0
[9,17] F-1 0 2 0
[9,18] F-1 0 1 0
[9,19] F-1 0 0 0

[10,0] F-1 0 6 0
[10,1] F-1 0 7 0
[10,2] F-1 0 8 0
[10,3] F-1 0 9 0
[10,4] F-1 0 10 0
[10,5] F-1 0 11 0
[10,6] N-1 0 12 0
[10,7] N-1 0 12 0
[10,8] F-1 0 11 0
[10,9] F-1 0 10 0
[10,10] A7 0 9 10
[10,11] S-1 9 8 0
[10,12] F-1 0 7 0
[10,13] F-1 0 6 0
[10,14] F-1 0 5 0
[10,15] F-1 0 4 0
[10,16] F-1 0 3 0
[10,17] F-1 0 2 0
[10,18] F-1 0 1 0
[10,19] F-1 0 0 0

[11,0] F-1 0 6 0
[11,1] F-1 0 7 0
[11,2] s-1 0 8 0
[11,3] F-1 0 9 0
[11,4] F-1 0 10 0
[11,5] F-1 0 11 0
[11,6] F-1 0 11 0
[11,7] F-1 0 11 0
[11,8] F-1 0 11 0
[11,9] F-1 0 10 0
[11,10] F-1 0 9 0
[11,11] F-1 0 8 0
[11,12] F-1 0 7 0
[11,13] F-1 0 6 0
[11,14] F-1 0 5 0
[11,15] F-1 0 4 0
[11,16] F-1 0 3 0
[11,17] a11 0 2 0
[11,18] F-1 0 1 0
[11,19] F-1 0 0 0

[12,0] F-1 0 6 0
[12,1] F-1 0 7 0
[12,2] F-1 0 8 0
[12,3] s-1 0 9 0
[12,4] S-1 29 10 0
[12,5] A8 0 10 10
[12,6] F-1 0 10 0
[12,7] F-1 0 10 0
[12,8] A10 0 10 10
[12,9] S-1 25 10 0
[12,10] F-1 0 9 0
[12,11] F-1 0 8 0
[12,12] F-1 0 7 0
[12,13] F-1 0 6 0
[12,14] F-1 0 5 0
[12,15] F-1 0 4 0
[12,16] F-1 0 3 0
[12,17] F-1 0 2 0
[12,18] F-1 0 1 0
[12,19] F-1 0 0 0

[13,0] S-1 11 6 0
[13,1] F-1 0 7 0
[13,2] F-1 0 8 0
[13,3] F-1 0 9 0
[13,4] F-1 0 9 0
[13,5] F-1 0 9 0
[13,6] F-1 0 9 0
[13,7] F-1 0 9 0
[13,8] F-1 0 9 0
[13,9] F-1 0 9 0
[13,10] A9 0 9 10
[13,11] S-1 27 8 0
[13,12] F-1 0 7 0
[13,13] F-1 0 6 0
[13,14] F-1 0 5 0
[13,15] F-1 0 4 0
[13,16] F-1 0 3 0
[13,17] F-1 0 2 0
[13,18] F-1 0 1 0
[13,19] F-1 0 0 0

[14,0] F-1 0 6 0
[14,1] F-1 0 7 0
[14,2] F-1 0 8 0
[14,3] F-1 0 8 0
[14,4] F-1 0 8 0
[14,5] F-1 0 8 0
[14,6] F-1 0 8 0
[14,7] F-1 0 8 0
[14,8] F-1 0 8 0
[14,9] S-1 12 8 0
[14,10] S-1 22 8 0
[14,11] F-1 0 8 0
[14,12] F-1 0 7 0
[14,13] F-1 0 6 0
[14,14] F-1 0 5 0
[14,15] F-1 0 4 0
[14,16] F-1 0 3 0
[14,17] F-1 0 2 0
[14,18] F-1 0 1 0
[14,19] F-1 0 0 0

[15,0] F-1 0 6 0
[15,1] F-1 0 7 0
[15,2] F-1 0 7 0
[15,3] F-1 0 7 0
[15,4] F-1 0 7 0
[15,5] F-1 0 7 0
[15,6] F-1 0 7 0
[15,7] F-1 0 7 0
[15,8] s-1 0 7 0
[15,9] s-1 0 7 0
[15,10] F-1 0 7 0
[15,11] F-1 0 7 0
[15,12] F-1 0 7 0
[15,13] F-1 0 6 0
[15,14] F-1 0 5 0
[15,15] F-1 0 4 0
[15,16] F-1 0 3 0
[15,17] F-1 0 2 0
[15,18] F-1 0 1 0
[15,19] F-1 0 0 0

[16,0] F-1 0 6 0
[16,1] F-1 0 6 0
[16,2] F-1 0 6 0
[16,3] F-1 0 6 0
[16,4] F-1 0 6 0
[16,5] F-1 0 6 0
[16,6] F-1 0 6 0
[16,7] F-1 0 6 0
[16,8] F-1 0 6 0
[16,9] F-1 0 6 0
[16,10] F-1 0 6 0
[16,11] F-1 0 6 0
[16,12] F-1 0 6 0
[16,13] F-1 0 6 0
[16,14] F-1 0 5 0
[16,15] F-1 0 4 0
[16,16] s-1 0 3 0
[16,17] F-1 0 2 0
[16,18] F-1 0 1 0
[16,19] S-1 14 0 0

[17,0] F-1 0 5 0
[17,1] F-1 0 5 0
[17,2] F-1 0 5 0
[17,3] F-1 0 5 0
[17,4] F-1 0 5 0
[17,5] s-1 0 5 0
[17,6] F-1 0 5 0
[17,7] F-1 0 5 0
[17,8] F-1 0 5 0
[17,9] F-1 0 5 0
[17,10] F-1 0 5 0
[17,11] F-1 0 5 0
[17,12] F-1 0 5 0
[17,13] F-1 0 5 0
[17,14] F-1 0 5 0
[17,15] F-1 0 4 0
[17,16] F-1 0 3 0
[17,17] F-1 0 2 0
[17,18] F-1 0 1 0
[17,19] F-1 0 0 0

[18,0] F-1 0 4 0
[18,1] F-1 0 4 0
[18,2] F-1 0 4 0
[18,3] F-1 0 4 0
[18,4] F-1 0 4 0
[18,5] F-1 0 4 0
[18,6] F-1 0 4 0
[18,7] F-1 0 4 0
[18,8] F-1 0 4 0
[18,9] F-1 0 4 0
[18,10] S-1 13 4 0
[18,11] F-1 0 4 0
[18,12] F-1 0 4 0
[18,13] F-1 0 4 0
[18,14] F-1 0 4 0
[18,15] F-1 0 4 0
[18,16] F-1 0 3 0
[18,17] F-1 0 2 0
[18,18] F-1 0 1 0
[18,19] F-1 0 0 0

[19,0] F-1 0 3 0
[19,1] F-1 0 3 0
[19,2] F-1 0 3 0
[19,3] F-1 0 3 0
[19,4] F-1 0 3 0
[19,5] F-1 0 3 0
[19,6] F-1 0 3 0
[19,7] F-1 0 3 0
[19,8] F-1 0 3 0
[19,9] F-1 0 3 0
[19,10] F-1 0 3 0
[19,11] F-1 0 3 0
[19,12] F-1 0 3 0
[19,13] F-1 0 3 0
[19,14] F-1 0 3 0
[19,15] F-1 0 3 0
[19,16] F-1 0 3 0
[19,17] F-1 0 2 0
[19,18] F-1 0 1 0
[19,19] F-1 0 0 0



[0,0] F-1 0 3 0
[0,1] F-1 0 3 0
[0,2] F-1 0 3 0
[0,3] F-1 0 3 0
[0,4] F-1 0 3 0
[0,5] F-1 0 3 0
[0,6] F-1 0 3 0
[0,7] F-1 0 3 0
[0,8] F-1 0 3 0
[0,9] F-1 0 3 0
[0,10] F-1 0 3 0
[0,11] F-1 0 3 0
[0,12] F-1 0 3 0
[0,13] F-1 0 3 0
[0,14] F-1 0 3 0
[0,15] F-1 0 3 0
[0,16] F-1 0 3 0
[0,17] F-1 0 2 0
[0,18] S-1 7 1 0
[0,19] F-1 0 0 0

[1,0] F-1 0 4 0
[1,1] s-1 0 4 0
[1,2] F-1 0 4 0
[1,3] F-1 0 4 0
[1,4] F-1 0 4 0
[1,5] F-1 0 4 0
[1,6] F-1 0 4 0
[1,7] F-1 0 4 0
[1,8] F-1 0 4 0
[1,9] F-1 0 4 0
[1,10] F-1 0 4 0
[1,11] F-1 0 4 0
[1,12] F-1 0 4 0
[1,13] F-1 0 4 0
[1,14] F-1 0 4 0
[1,15] F-1 0 4 0
[1,16] F-1 0 3 0
[1,17] F-1 0 2 0
[1,18] F-1 0 1 0
[1,19] F-1 0 0 0

[2,0] F-1 0 5 0
[2,1] F-1 0 5 0
[2,2] F-1 0 5 0
[2,3] F-1 0 5 0
[2,4] F-1 0 5 0
[2,5] F-1 0 5 0
[2,6] F-1 0 5 0
[2,7] F-1 0 5 0
[2,8] F-1 0 5 0
[2,9] F-1 0 5 0
[2,10] F-1 0 5 0
[2,11] F-1 0 5 0
[2,12] F-1 0 5 0
[2,13] F-1 0 5 0
[2,14] F-1 0 5 0
[2,15] F-1 0 4 0
[2,16] F-1 0 3 0
[2,17] F-1 0 2 0
[2,18] F-1 0 1 0
[2,19] F-1 0 0 0

[3,0] F-1 0 6 0
[3,1] F-1 0 6 0
[3,2] F-1 0 6 0
[3,3] S-1 10 6 0
[3,4] F-1 0 6 0
[3,5] F-1 0 6 0
[3,6] F-1 0 6 0
[3,7] F-1 0 6 0
[3,8] F-1 0 6 0
[3,9] F-1 0 6 0
[3,10] s-1 0 6 0
[3,11] F-1 0 6 0
[3,12] F-1 0 6 0
[3,13] F-1 0 6 0
[3,14] F-1 0 5 0
[3,15] F-1 0 4 0
[3,16] F-1 0 3 0
[3,17] F-1 0 2 0
[3,18] F-1 0 1 0
[3,19] F-1 0 0 0

[4,0] F-1 0 6 0
[4,1] F-1 0 7 0
[4,2] F-1 0 7 0
[4,3] F-1 0 7 0
[4,4] F-1 0 7 0
[4,5] F-1 0 7 0
[4,6] F-1 0 7 0
[4,7] F-1 0 7 0
[4,8] F-1 0 7 0
[4,9] F-1 0 7 0
[4,10] F-1 0 7 0
[4,11] F-1 0 7 0
[4,12] F-1 0 7 0
[4,13] F-1 0 6 0
[4,14] F-1 0 5 0
[4,15] F-1 0 4 0
[4,16] F-1 0 3 0
[4,17] F-1 0 2 0
[4,18] F-1 0 1 0
[4,19] F-1 0 0 0

[5,0] F-1 0 6 0
[5,1] F-1 0 7 0
[5,2] F-1 0 8 0
[5,3] F-1 0 8 0
[5,4] F-1 0 8 0
[5,5] F-1 0 8 0
[5,6] F-1 0 8 0
[5,7] F-1 0 8 0
[5,8] F-1 0 8 0
[5,9] F-1 0 8 0
[5,10] F-1 0 8 0
[5,11] s-1 0 8 0
[5,12] F-1 0 7 0
[5,13] F-1 0 6 0
[5,14] F-1 0 5 0
[5,15] F-1 0 4 0
[5,16] F-1 0 3 0
[5,17] F-1 0 2 0
[5,18] F-1 0 1 0
[5,19] F-1 0 0 0

[6,0] F-1 0 6 0
[6,1] F-1 0 7 0
[6,2] F-1 0 8 0
[6,3] F-1 0 9 0
[6,4] F-1 0 9 0
[6,5] F-1 0 9 0
[6,6] S-1 27 9 0
[6,7] F-1 0 9 0
[6,8] F-1 0 9 0
[6,9] F-1 0 9 0
[6,10] F-1 0 9 0
[6,11] F-1 0 8 0
[6,12] F-1 0 7 0
[6,13] F-1 0 6 0
[6,14] F-1 0 5 0
[6,15] F-1 0 4 0
[6,16] F-1 0 3 0
[6,17] F-1 0 2 0
[6,18] F-1 0 1 0
[6,19] F-1 0 0 0

[7,0] F-1 0 6 0
[7,1] F-1 0 7 0
[7,2] F-1 0 8 0
[7,3] F-1 0 9 0
[7,4] F-1 0 10 0
[7,5] F-1 0 10 0
[7,6] F-1 0 10 0
[7,7] F-1 0 10 0
[7,8] F-1 0 10 0
[7,9] F-1 0 10 0
[7,10] a0 0 9 0
[7,11] F-1 0 8 0
[7,12] F-1 0 7 0
[7,13] a1 0 6 0
[7,14] F-1 0 5 0
[7,15] F-1 0 4 0
[7,16] a2 0 3 0
[7,17] F-1 0 2 0
[7,18] F-1 0 1 0
[7,19] F-1 0 0 0

[8,0] F-1 0 6 0
[8,1] F-1 0 7 0
[8,2] F-1 0 8 0
[8,3] s-1 0 9 0
[8,4] F-1 0 10 0
[8,5] F-1 0 11 0
[8,6] F-1 0 11 0
[8,7] F-1 0 11 0
[8,8] F-1 0 11 0
[8,9] F-1 0 10 0
[8,10] F-1 0 9 0
[8,11] F-1 0 8 0
[8,12] F-1 0 7 0
[8,13] F-1 0 6 0
[8,14] a4 0 5 0
[8,15] F-1 0 4 0
[8,16] F-1 0 3 0
[8,17] F-1 0 2 0
[8,18] a3 0 1 0
[8,19] F-1 0 0 0

[9,0] F-1 0 6 0
[9,1] F-1 0 7 0
[9,2] F-1 0 8 0
[9,3] F-1 0 9 0
[9,4] a6 0 10 0
[9,5] F-1 0 11 0
[9,6] N-1 0 12 0
[9,7] N-1 0 12 0
[9,8] F-1 0 11 0
[9,9] F-1 0 10 0
[9,10] A5 0 9 10
[9,11] S-1 5 8 0
[9,12] S-1 30 7 0
[9,13] F-1 0 6 0
[9,14] F-1 0 5 0
[9,15] F-1 0 4 0
[9,16] S-1 25 3 0
[9,17] F-1 0 2 0
[9,18] F-1 0 1 0
[9,19] F-1 0 0 0

[10,0] F-1 0 6 0
[10,1] F-1 0 7 0
[10,2] F-1 0 8 0
[10,3] F-1 0 9 0
[10,4] F-1 0 10 0
[10,5] F-1 0 11 0
[10,6] N-1 0 12 0
[10,7] N-1 0 12 0
[10,8] F-1 0 11 0
[10,9] F-1 0 10 0
[10,10] A7 0 9 10
[10,11] S-1 9 8 0
[10,12] F-1 0 7 0
[10,13] F-1 0 6 0
[10,14] F-1 0 5 0
[10,15] F-1 0 4 0
[10,16] F-1 0 3 0
[10,17] F-1 0 2 0
[10,18] F-1 0 1 0
[10,19] F-1 0 0 0

[11,0] F-1 0 6 0
[11,1] F-1 0 7 0
[11,2] s-1 0 8 0
[11,3] F-1 0 9 0
[11,4] F-1 0 10 0
[11,5] F-1 0 11 0
[11,6] F-1 0 11 0
[11,7] F-1 0 11 0
[11,8] F-1 0 11 0
[11,9] F-1 0 10 0
[11,10] F-1 0 9 0
[11,11] F-1 0 8 0
[11,12] F-1 0 7 0
[11,13] F-1 0 6 0
[11,14] F-1 0 5 0
[11,15] F-1 0 4 0
[11,16] F-1 0 3 0
[11,17] F-1 0 2 0
[11,18] a11 0 1 0
[11,19] F-1 0 0 0

[12,0] F-1 0 6 0
[12,1] F-1 0 7 0
[12,2] F-1 0 8 0
[12,3] s-1 0 9 0
[12,4] S-1 29 10 0
[12,5] A8 0 10 10
[12,6] F-1 0 10 0
[12,7] F-1 0 10 0
[12,8] A10 0 10 10
[12,9] S-1 25 10 0
[12,10] F-1 0 9 0
[12,11] F-1 0 8 0
[12,12] F-1 0 7 0
[12,13] F-1 0 6 0
[12,14] F-1 0 5 0
[12,15] F-1 0 4 0
[12,16] F-1 0 3 0
[12,17] F-1 0 2 0
[12,18] F-1 0 1 0
[12,19] F-1 0 0 0

[13,0] S-1 11 6 0
[13,1] F-1 0 7 0
[13,2] F-1 0 8 0
[13,3] F-1 0 9 0
[13,4] F-1 0 9 0
[13,5] F-1 0 9 0
[13,6] F-1 0 9 0
[13,7] F-1 0 9 0
[13,8] F-1 0 9 0
[13,9] F-1 0 9 0
[13,10] A9 0 9 10
[13,11] S-1 27 8 0
[13,12] F-1 0 7 0
[13,13] F-1 0 6 0
[13,14] F-1 0 5 0
[13,15] F-1 0 4 0
[13,16] F-1 0 3 0
[13,17] F-1 0 2 0
[13,18] F-1 0 1 0
[13,19] F-1 0 0 0

[14,0] F-1 0 6 0
[14,1] F-1 0 7 0
[14,2] F-1 0 8 0
[14,3] F-1 0 8 0
[14,4] F-1 0 8 0
[14,5] F-1 0 8 0
[14,6] F-1 0 8 0
[14,7] F-1 0 8 0
[14,8] F-1 0 8 0
[14,9] S-1 12 8 0
[14,10] S-1 22 8 0
[14,11] F-1 0 8 0
[14,12] F-1 0 7 0
[14,13] F-1 0 6 0
[14,14] F-1 0 5 0
[14,15] F-1 0 4 0
[14,16] F-1 0 3 0
[14,17] F-1 0 2 0
[14,18] F-1 0 1 0
[14,19] F-1 0 0 0

[15,0] F-1 0 6 0
[15,1] F-1 0 7 0
[15,2] F-1 0 7 0
[15,3] F-1 0 7 0
[15,4] F-1 0 7 0
[15,5] F-1 0 7 0
[15,6] F-1 0 7 0
[15,7] F-1 0 7 0
[15,8] s-1 0 7 0
[15,9] s-1 0 7 0
[15,10] F-1 0 7 0
[15,11] F-1 0 7 0
[15,12] F-1 0 7 0
[15,13] F-1 0 6 0
[15,14] F-1 0 5 0
[15,15] F-1 0 4 0
[15,16] F-1 0 3 0
[15,17] F-1 0 2 0
[15,18] F-1 0 1 0
[15,19] F-1 0 0 0

[16,0] F-1 0 6 0
[16,1] F-1 0 6 0
[16,2] F-1 0 6 0
[16,3] F-1 0 6 0
[16,4] F-1 0 6 0
[16,5] F-1 0 6 0
[16,6] F-1 0 6 0
[16,7] F-1 0 6 0
[16,8] F-1 0 6 0
[16,9] F-1 0 6 0
[16,10] F-1 0 6 0
[16,11] F-1 0 6 0
[16,12] F-1 0 6 0
[16,13] F-1 0 6 0
[16,14] F-1 0 5 0
[16,15] F-1 0 4 0
[16,16] s-1 0 3 0
[16,17] F-1 0 2 0
[16,18] F-1 0 1 0
[16,19] S-1 14 0 0

[17,0] F-1 0 5 0
[17,1] F-1 0 5 0
[17,2] F-1 0 5 0
[17,3] F-1 0 5 0
[17,4] F-1 0 5 0
[17,5] s-1 0 5 0
[17,6] F-1 0 5 0
[17,7] F-1 0 5 0
[17,8] F-1 0 5 0
[17,9] F-1 0 5 0
[17,10] F-1 0 5 0
[17,11] F-1 0 5 0
[17,12] F-1 0 5 0
[17,13] F-1 0 5 0
[17,14] F-1 0 5 0
[17,15] F-1 0 4 0
[17,16] F-1 0 3 0
[17,17] F-1 0 2 0
[17,18] F-1 0 1 0
[17,19] F-1 0 0 0

[18,0] F-1 0 4 0
[18,1] F-1 0 4 0
[18,2] F-1 0 4 0
[18,3] F-1 0 4 0
[18,4] F-1 0 4 0
[18,5] F-1 0 4 0
[18,6] F-1 0 4 0
[18,7] F-1 0 4 0
[18,8] F-1 0 4 0
[18,9] F-1 0 4 0
[18,10] S-1 13 4 0
[18,11] F-1 0 4 0
[18,12] F-1 0 4 0
[18,13] F-1 0 4 0
[18,14] F-1 0 4 0
[18,15] F-1 0 4 0
[18,16] F-1 0 3 0
[18,17] F-1 0 2 0
[18,18] F-1 0 1 0
[18,19] F-1 0 0 0

[19,0] F-1 0 3 0
[19,1] F-1 0 3 0
[19,2] F-1 0 3 0
[19,3] F-1 0 3 0
[19,4] F-1 0 3 0
[19,5] F-1 0 3 0
[19,6] F-1 0 3 0
[19,7] F-1 0 3 0
[19,8] F-1 0 3 0
[19,9] F-1 0 3 0
[19,10] F-1 0 3 0
[19,11] F-1 0 3 0
[19,12] F-1 0 3 0
[19,13] F-1 0 3 0
[19,14] F-1 0 3 0
[19,15] F-1 0 3 0
[19,16] F-1 0 3 0
[19,17] F-1 0 2 0
[19,18] F-1 0 1 0
[19,19] F-1 0 0 0


